0:54975:R	3	3	 0
1:12327:M	3	3	 0
2:557717:R	3	3	 0
3:330002:M	3	3	 0
4:516947:R	3	3	 0
5:65525:R	4	4	 0
6:682355:R	3	3	 0
7:500769:R	3	3	 0
8:914810:R	3	3	 0
9:58720:R	3	3	 0
10:906437:R	3	3	 0
11:297400:R	3	3	 0
12:171043:R	3	3	 0
13:1202362:R	3	3	 0
14:1231600:R	3	3	 0
15:1330052:R	3	3	 0
16:471672:M	3	3	 0
17:514521:R	3	3	 0
18:1014939:R	3	3	 0
19:163152:R	3	3	 0
20:173222:M	3	3	 0
21:916481:R	3	3	 0
22:232304:R	3	3	 0
23:1045078:R	4	4	 0
24:1007511:R	3	3	 0
25:1153759:R	3	3	 0
26:266269:M	3	3	 0
27:742823:R	3	3	 0
28:680573:R	3	3	 0
29:1123710:R	3	3	 0
30:1019406:R	3	4	0
31:471494:R	3	3	 0
32:166636:R	3	3	 0
33:740788:R	7	7	 0
34:677195:R	3	3	 0
35:84552:R	3	3	 0
36:216565:M	3	3	 0
37:218429:R	3	3	 0
38:1166663:R	3	3	 0
39:1358644:R	3	3	 0
40:495355:R	3	3	 0
41:717971:R	4	4	 0
42:1258189:R	3	3	 0
43:601373:R	3	3	 0
44:1300710:R	3	3	 0
45:1336958:R	3	3	 0
46:49701:R	3	3	 0
47:1304002:R	3	3	 0
48:491367:R	3	3	 0
49:976908:R	4	4	 0
50:920445:M	3	3	 0
51:1084119:R	4	4	 0
52:296719:R	3	3	 0
53:890801:R	3	3	 0
54:1324711:R	3	3	 0
55:1168684:R	3	3	 0
56:779736:R	3	3	 0
57:1177511:R	3	3	 0
58:803425:M	3	3	 0
59:835600:R	3	3	 0
60:61573:R	3	3	 0
61:941173:R	3	3	 0
62:127620:R	3	3	 0
63:567237:R	3	3	 0
64:891546:R	6	6	 0
65:458917:R	3	3	 0
66:769621:R	3	3	 0
67:744918:R	3	3	 0
68:798571:R	3	3	 0
69:775683:M	3	3	 0
70:1350007:R	3	3	 0
71:985472:R	4	4	 0
72:258308:R	4	4	 0
73:947459:R	4	4	 0
74:530012:R	3	3	 0
75:515:R	3	3	 0
76:336082:R	4	4	 0
77:482566:R	3	3	 0
78:1388858:R	3	3	 0
79:1217334:M	4	4	 0
80:205243:R	3	3	 0
81:1299606:R	3	3	 0
82:905096:R	3	3	 0
83:996102:M	3	3	 0
84:1174923:R	4	5	0
85:655847:M	3	3	 0
86:740619:M	4	4	 0
87:1209767:R	3	3	 0
88:735154:R	4	5	0
89:716876:R	4	4	 0
90:983497:R	3	3	 0
91:328129:R	3	3	 0
92:269266:R	3	3	 0
93:379120:R	3	3	 0
94:352562:R	3	3	 0
95:653148:R	3	3	 0
96:1177226:R	3	3	 0
97:988018:R	4	4	 0
98:505874:R	3	3	 0
99:1296744:R	3	3	 0
100:870288:R	7	7	 0
101:47226:R	3	3	 0
102:27389:R	3	3	 0
103:254530:R	3	3	 0
104:584992:R	3	3	 0
105:137817:R	3	3	 0
106:775810:R	3	3	 0
107:305079:R	3	3	 0
108:805860:R	3	3	 0
109:271402:R	3	3	 0
110:493383:R	6	6	 0
111:1210115:R	3	3	 0
112:32542:R	3	3	 0
113:719532:R	4	4	 0
114:403024:R	4	4	 0
115:185887:R	3	3	 0
116:219512:R	3	3	 0
117:1018743:R	3	3	 0
118:1378936:R	3	3	 0
119:1297659:M	3	3	 0
120:992654:M	3	3	 0
121:52995:R	3	3	 0
122:1112249:R	4	4	 0
123:559095:R	3	3	 0
124:925017:R	3	3	 0
125:288780:R	3	3	 0
126:893664:R	4	4	 0
127:1323774:R	4	4	 0
128:355261:R	3	3	 0
129:1229295:R	3	3	 0
130:232383:R	3	3	 0
131:939869:M	3	3	 0
132:523600:R	3	3	 0
133:103413:R	3	3	 0
134:1217225:R	3	3	 0
135:1066536:M	3	3	 0
136:773019:R	3	3	 0
137:645787:R	3	4	0
138:1363875:R	3	3	 0
139:808771:M	3	3	 0
140:468326:R	3	3	 0
141:2948:R	3	3	 0
142:650205:R	3	3	 0
143:842586:M	3	3	 0
144:696710:M	3	3	 0
145:178770:R	3	3	 0
146:487144:R	3	3	 0
147:1131808:R	3	3	 0
148:693690:M	3	3	 0
149:1042588:R	3	3	 0
150:1337280:M	3	3	 0
151:62844:R	3	3	 0
152:1144701:R	3	3	 0
153:1255196:R	3	3	 0
154:259801:R	3	3	 0
155:1397211:R	3	3	 0
156:465616:R	3	3	 0
157:533777:R	3	3	 0
158:681731:R	3	3	 0
159:1077079:R	3	3	 0
160:235312:R	3	3	 0
161:1381107:R	3	3	 0
162:236688:R	3	3	 0
163:649779:R	3	3	 0
164:358981:R	3	3	 0
165:949335:R	3	3	 0
166:230356:R	3	3	 0
167:327887:R	3	3	 0
168:802837:R	3	3	 0
169:966900:R	4	4	 0
170:884634:R	3	3	 0
171:421493:R	3	3	 0
172:994631:R	3	3	 0
173:909612:R	3	3	 0
174:1242680:R	3	3	 0
175:108767:R	3	3	 0
176:234220:M	3	3	 0
177:809850:R	4	4	 0
178:699587:M	3	3	 0
179:810776:R	3	3	 0
180:1287925:R	3	3	 0
181:756638:M	3	3	 0
182:662656:R	3	3	 0
183:1260402:R	3	3	 0
184:750893:R	3	3	 0
185:217652:R	3	4	0
186:1127558:R	3	3	 0
187:21642:R	3	3	 0
188:56582:R	3	3	 0
189:1094866:R	3	3	 0
190:314483:R	3	3	 0
191:1279970:R	3	3	 0
192:876080:R	3	3	 0
193:1060974:R	3	3	 0
194:557746:R	3	3	 0
195:781576:M	3	3	 0
196:494377:R	3	3	 0
197:865673:R	3	3	 0
198:897464:M	3	3	 0
199:256560:M	3	3	 0
200:282994:R	3	3	 0
201:1168986:R	3	3	 0
202:334379:R	3	3	 0
203:1358826:R	3	4	0
204:164531:R	3	3	 0
205:944879:R	4	4	 0
206:191581:R	3	3	 0
207:342287:R	3	3	 0
208:832504:R	3	3	 0
209:91067:R	3	3	 0
210:454924:R	3	3	 0
211:1050477:R	3	3	 0
212:1254536:R	3	3	 0
213:1309645:R	3	3	 0
214:177508:R	3	3	 0
215:563815:R	3	3	 0
216:767935:R	3	3	 0
217:746936:R	3	3	 0
218:351672:R	3	3	 0
219:408591:R	3	3	 0
220:949425:M	3	3	 0
221:1295370:M	3	3	 0
222:183554:R	3	3	 0
223:1167055:R	3	3	 0
224:804651:R	3	3	 0
225:362731:R	3	3	 0
226:832204:R	3	3	 0
227:567518:M	6	6	 0
228:369623:R	3	3	 0
229:1388728:R	3	3	 0
230:343292:R	3	3	 0
231:1112603:R	4	4	 0
232:972291:M	3	3	 0
233:1304821:R	3	3	 0
234:187741:R	3	3	 0
235:1053125:R	3	3	 0
236:215099:R	3	3	 0
237:324086:R	3	3	 0
238:282447:R	3	3	 0
239:882942:R	3	3	 0
240:402643:R	6	6	 0
241:1077435:R	3	3	 0
242:774300:R	3	3	 0
243:329071:R	3	3	 0
244:416908:R	3	3	 0
245:808788:R	3	3	 0
246:699469:R	3	3	 0
247:116731:R	4	4	 0
248:1066316:R	3	3	 0
249:1216412:R	3	3	 0
250:1283176:R	3	3	 0
251:1308196:R	3	3	 0
252:133130:R	3	3	 0
253:175118:R	3	3	 0
254:824321:R	3	3	 0
255:1358089:M	3	3	 0
256:552690:R	3	3	 0
257:809876:R	3	3	 0
258:198521:R	3	3	 0
259:751396:R	3	3	 0
260:941993:R	3	3	 0
261:343332:M	3	3	 0
262:136531:R	3	3	 0
263:1197350:R	3	3	 0
264:621103:R	3	3	 0
265:26828:R	3	3	 0
266:1056376:R	3	3	 0
267:221356:R	3	3	 0
268:719470:R	3	3	 0
269:672994:R	3	3	 0
270:856468:R	3	3	 0
271:517182:M	3	3	 0
272:12301:R	3	3	 0
273:987267:R	3	3	 0
274:260907:R	6	6	 0
275:792208:R	3	3	 0
276:407953:R	3	3	 0
277:122984:M	3	3	 0
278:547737:R	3	3	 0
279:152369:R	3	3	 0
280:807358:M	3	3	 0
281:431119:R	3	3	 0
282:525500:M	3	3	 0
283:1156960:R	3	3	 0
284:886203:R	3	3	 0
285:1154209:R	3	3	 0
286:161235:R	3	3	 0
287:931242:R	3	3	 0
288:185409:R	3	3	 0
289:243333:R	3	3	 0
290:1306750:R	3	3	 0
291:790013:R	3	3	 0
292:1257309:R	4	4	 0
293:996569:R	3	3	 0
294:810976:R	3	3	 0
295:142717:R	3	3	 0
296:636582:R	3	3	 0
297:1268356:M	5	5	 0
298:1065310:R	3	3	 0
299:508302:M	3	3	 0
300:1157472:R	3	3	 0
301:213550:R	4	4	 0
302:631010:R	3	3	 0
303:869341:R	3	3	 0
304:935006:R	3	3	 0
305:792083:R	3	3	 0
306:561450:M	3	3	 0
307:875374:M	3	3	 0
308:1395821:R	3	3	 0
309:384678:M	3	3	 0
310:1025257:R	3	3	 0
311:1034605:R	4	4	 0
312:114501:R	4	4	 0
313:401190:R	3	3	 0
314:1017989:R	3	3	 0
315:449209:R	3	3	 0
316:1050568:R	3	3	 0
317:1279302:R	3	3	 0
318:1161450:R	3	3	 0
319:1098492:R	3	3	 0
320:1128768:R	3	3	 0
321:417139:R	3	3	 0
322:1186147:R	3	3	 0
323:572782:R	3	3	 0
324:453569:R	3	3	 0
325:1084092:R	3	3	 0
326:1125621:R	3	3	 0
327:36736:R	3	3	 0
328:1122508:R	3	3	 0
329:1222083:R	3	3	 0
330:1197764:R	4	4	 0
331:1306734:R	3	3	 0
332:292679:R	3	3	 0
333:141514:R	3	3	 0
334:806421:R	3	3	 0
335:737302:R	3	3	 0
336:793515:R	3	3	 0
337:1230432:R	3	3	 0
338:633298:R	4	4	 0
339:602787:R	3	3	 0
340:1068629:R	3	3	 0
341:1183320:R	3	3	 0
342:1327822:R	3	3	 0
343:710920:R	3	3	 0
344:886114:R	3	3	 0
345:1227457:R	4	4	 0
346:1051888:M	4	4	 0
347:135106:R	3	3	 0
348:1333047:R	3	3	 0
349:1304829:R	3	3	 0
350:122925:R	3	3	 0
351:828040:R	3	3	 0
352:443236:R	6	6	 0
353:405120:R	3	3	 0
354:939504:R	3	3	 0
355:82522:R	3	3	 0
356:1176273:R	3	3	 0
357:1309349:R	3	3	 0
358:427648:R	3	3	 0
359:956461:R	3	3	 0
360:1285939:R	4	4	 0
361:684195:R	3	3	 0
362:1057727:R	3	3	 0
363:275715:R	4	4	 0
364:974043:R	3	3	 0
365:629336:R	3	3	 0
366:1317829:R	3	3	 0
367:162240:R	3	3	 0
368:498963:M	3	3	 0
369:1185078:R	3	3	 0
370:1266241:R	3	3	 0
371:866995:M	3	3	 0
372:1242501:R	5	6	1	1242501
373:776639:M	4	4	 0
374:692534:R	6	6	 0
375:1291901:R	3	3	 0
376:4853:R	3	3	 0
377:563937:R	3	3	 0
378:283725:R	3	3	 0
379:1159416:R	3	3	 0
380:570190:M	3	3	 0
381:82212:R	3	3	 0
382:707458:R	3	3	 0
383:870305:R	3	3	 0
384:1027035:R	3	3	 0
385:639271:R	3	3	 0
386:470020:R	3	3	 0
387:1251199:R	3	3	 0
388:802088:R	3	3	 0
389:203522:R	3	3	 0
390:329037:M	3	3	 0
391:944820:R	3	3	 0
392:218934:R	3	3	 0
393:436805:R	3	3	 0
394:682089:R	3	3	 0
395:185277:R	3	3	 0
396:487461:R	3	3	 0
397:561159:R	3	3	 0
398:339397:R	3	3	 0
399:1088463:R	3	3	 0
400:814438:R	3	3	 0
401:596105:R	3	3	 0
402:427150:M	3	3	 0
403:229142:R	3	3	 0
404:404691:R	3	3	 0
405:827015:R	4	4	 0
406:1013013:R	3	3	 0
407:868930:R	3	3	 0
408:1081171:M	3	3	 0
409:1095475:R	3	3	 0
410:669772:M	3	3	 0
411:1388656:R	3	3	 0
412:336416:R	3	3	 0
413:711386:R	3	3	 0
414:130851:R	4	4	 0
415:125998:R	4	4	 0
416:1001573:R	3	3	 0
417:1046062:R	3	3	 0
418:1169668:R	3	3	 0
419:19487:R	3	3	 0
420:287454:R	3	3	 0
421:1276648:R	3	3	 0
422:850956:R	3	3	 0
423:1080806:R	3	3	 0
424:1188233:M	3	3	 0
425:212108:R	3	3	 0
426:1344597:R	4	4	 0
427:1024454:R	3	3	 0
428:494250:R	3	3	 0
429:595799:M	3	3	 0
430:918177:R	3	3	 0
431:201683:R	3	3	 0
432:1125578:R	3	3	 0
433:584469:R	3	3	 0
434:218676:R	8	8	 0
435:233192:R	3	3	 0
436:616094:R	3	3	 0
437:356876:R	3	3	 0
438:371425:R	3	3	 0
439:984521:R	3	3	 0
440:172943:R	3	3	 0
441:209448:R	3	3	 0
442:521114:R	3	3	 0
443:724422:R	3	3	 0
444:764698:R	3	3	 0
445:1386879:R	3	3	 0
446:1362814:R	3	3	 0
447:244426:R	3	3	 0
448:553709:R	3	3	 0
449:597154:R	3	3	 0
450:353344:R	4	4	 0
451:949695:R	3	3	 0
452:1188948:R	3	3	 0
453:241359:M	3	3	 0
454:674369:R	4	4	 0
455:375904:M	3	3	 0
456:684386:M	3	3	 0
457:1141895:R	3	3	 0
458:498593:R	4	4	 0
459:1060853:R	3	3	 0
460:880051:R	3	3	 0
461:666289:R	3	3	 0
462:439890:M	3	3	 0
463:462091:R	3	4	0
464:1046559:R	3	3	 0
465:1002546:R	3	3	 0
466:353349:R	4	5	0
467:660220:R	3	3	 0
468:1250398:R	3	3	 0
469:173832:R	3	3	 0
470:937507:R	3	3	 0
471:1352772:R	4	4	 0
472:1271678:R	3	3	 0
473:575331:R	4	4	 0
474:51710:R	3	3	 0
475:1088967:R	4	4	 0
476:1113421:M	3	3	 0
477:452007:R	3	3	 0
478:1359778:R	3	3	 0
479:291777:R	3	3	 0
480:731945:R	4	4	 0
481:100622:R	3	3	 0
482:702855:R	3	3	 0
483:252462:R	3	3	 0
484:431690:R	3	3	 0
485:799813:R	3	3	 0
486:486640:R	3	3	 0
487:350889:M	3	3	 0
488:292013:R	3	3	 0
489:399818:R	3	3	 0
490:788847:R	3	3	 0
491:1084431:R	3	3	 0
492:103139:R	3	3	 0
493:52594:R	4	4	 0
494:942341:R	3	3	 0
495:667290:M	3	3	 0
496:440182:R	3	3	 0
497:654735:R	3	3	 0
498:1290217:M	3	3	 0
499:874259:R	4	4	 0
500:176696:R	3	3	 0
501:708879:R	3	3	 0
502:772292:R	3	3	 0
503:581604:R	4	5	0
504:1235364:R	3	3	 0
505:1288717:R	3	3	 0
506:930778:R	3	3	 0
507:1033010:R	3	3	 0
508:798900:R	3	3	 0
509:9189:R	3	3	 0
510:38779:R	3	3	 0
511:383321:R	3	3	 0
512:1337487:R	3	3	 0
513:1174566:R	3	3	 0
514:573127:R	3	3	 0
515:282838:R	3	3	 0
516:786979:R	3	3	 0
517:744001:R	3	3	 0
518:1367847:M	3	3	 0
519:573780:R	3	3	 0
520:293147:M	3	3	 0
521:32231:R	3	3	 0
522:425429:R	3	3	 0
523:589702:M	3	3	 0
524:114832:R	3	3	 0
525:1107071:R	3	3	 0
526:474546:R	3	3	 0
527:370092:R	3	3	 0
528:1644:R	3	3	 0
529:1111455:R	3	3	 0
530:1378224:R	3	3	 0
531:1323564:M	3	3	 0
532:346535:M	3	3	 0
533:1114863:R	3	3	 0
534:361084:R	3	3	 0
535:136444:R	3	3	 0
536:1188738:R	4	4	 0
537:438305:R	3	3	 0
538:941682:R	4	4	 0
539:569146:R	3	3	 0
540:399422:R	3	3	 0
541:56444:R	3	3	 0
542:20322:R	3	3	 0
543:1060545:R	3	3	 0
544:467484:R	3	3	 0
545:1352583:M	3	3	 0
546:956683:R	3	3	 0
547:458976:R	3	3	 0
548:668726:R	3	3	 0
549:171984:M	3	3	 0
550:48603:R	3	3	 0
551:3750:R	3	3	 0
552:192675:R	3	3	 0
553:960208:R	4	4	 0
554:279044:R	5	5	 0
555:285857:R	4	4	 0
556:325591:R	3	3	 0
557:789652:R	3	3	 0
558:216101:R	3	3	 0
559:1298873:R	3	3	 0
560:1215657:R	3	3	 0
561:156628:R	3	3	 0
562:43471:M	3	3	 0
563:525131:R	3	3	 0
564:1391890:R	3	3	 0
565:148473:M	4	4	 0
566:1247295:R	3	3	 0
567:770065:R	3	3	 0
568:1271468:R	3	3	 0
569:1096467:R	3	3	 0
570:655237:R	3	3	 0
571:593908:R	3	3	 0
572:730383:R	3	3	 0
573:482223:R	3	3	 0
574:486382:R	3	3	 0
575:1170613:R	3	3	 0
576:172436:R	3	3	 0
577:1024841:R	4	4	 0
578:1363460:R	3	3	 0
579:1357408:R	3	3	 0
580:866540:R	3	3	 0
581:1340980:R	3	3	 0
582:214901:R	3	3	 0
583:1315674:R	4	4	 0
584:67780:R	3	3	 0
585:854848:R	3	3	 0
586:593892:R	3	3	 0
587:52801:M	3	3	 0
588:565415:M	3	3	 0
589:837814:R	3	3	 0
590:285:R	3	3	 0
591:217145:R	3	3	 0
592:23537:R	3	3	 0
593:148330:M	3	4	0
594:682345:R	3	3	 0
595:920978:M	3	3	 0
596:122868:R	3	3	 0
597:831230:R	3	3	 0
598:343641:R	4	4	 0
599:649033:R	3	3	 0
600:947791:R	3	3	 0
601:39027:R	3	3	 0
602:813917:R	3	3	 0
603:303370:R	3	3	 0
604:327120:R	3	3	 0
605:316197:R	3	3	 0
606:228408:R	5	6	1	228408
607:1284827:R	4	4	 0
608:1259002:M	3	3	 0
609:629705:R	3	3	 0
610:1291685:R	3	3	 0
611:978156:R	3	3	 0
612:1371011:R	3	3	 0
613:382560:R	4	4	 0
614:1299699:R	4	4	 0
615:138822:R	3	3	 0
616:223273:R	3	3	 0
617:307527:R	3	3	 0
618:1120625:R	3	3	 0
619:1081438:R	3	3	 0
620:119433:R	3	3	 0
621:330093:R	3	3	 0
622:715565:R	3	3	 0
623:980257:R	3	3	 0
624:41281:R	3	3	 0
625:608016:R	3	3	 0
626:985456:R	3	3	 0
627:271074:R	3	3	 0
628:857484:R	3	3	 0
629:652323:R	3	3	 0
630:442524:R	6	6	 0
631:748308:R	3	3	 0
632:762172:R	3	3	 0
633:372001:R	3	3	 0
634:183041:R	3	3	 0
635:129615:R	3	4	0
636:872952:R	3	4	0
637:634737:R	3	3	 0
638:1363660:R	3	3	 0
639:1139980:R	3	3	 0
640:1108363:R	3	3	 0
641:1221929:M	6	7	0
642:99940:R	3	3	 0
643:936573:R	3	3	 0
644:321203:R	3	3	 0
645:249775:R	3	3	 0
646:918628:R	3	3	 0
647:225510:R	3	3	 0
648:167206:R	3	3	 0
649:236690:R	3	3	 0
650:74746:R	3	3	 0
651:1253538:R	3	3	 0
652:119144:R	7	7	 0
653:486747:R	3	3	 0
654:1320008:R	4	4	 0
655:816627:R	3	3	 0
656:901547:R	3	3	 0
657:785966:R	3	3	 0
658:710864:M	3	3	 0
659:934495:R	3	3	 0
660:1348614:R	4	4	 0
661:938638:R	3	3	 0
662:615837:M	3	3	 0
663:1081755:R	3	4	0
664:1179305:R	3	3	 0
665:299400:M	3	3	 0
666:1220425:R	4	4	 0
667:838435:R	3	3	 0
668:478871:R	4	4	 0
669:45908:R	3	3	 0
670:150067:R	3	3	 0
671:1107940:R	3	3	 0
672:360720:R	3	3	 0
673:1241368:R	3	3	 0
674:415066:R	3	3	 0
675:934204:R	3	3	 0
676:277677:M	6	6	 0
677:653168:R	4	4	 0
678:298543:R	3	3	 0
679:1034969:R	3	3	 0
680:402101:R	3	3	 0
681:320485:M	6	6	 0
682:441953:R	3	3	 0
683:7424:R	3	3	 0
684:1345330:R	4	4	 0
685:669161:R	4	4	 0
686:1266880:R	3	3	 0
687:493488:M	3	3	 0
688:300007:R	3	3	 0
689:298080:R	3	3	 0
690:1131487:R	3	3	 0
691:741378:R	3	3	 0
692:337855:R	3	3	 0
693:632692:R	3	3	 0
694:35198:R	3	3	 0
695:60724:M	3	3	 0
696:1022787:R	6	6	 0
697:1148908:R	3	3	 0
698:118037:R	3	3	 0
699:716925:M	3	3	 0
700:461171:R	3	3	 0
701:126333:R	3	3	 0
702:560980:R	4	4	 0
703:1003530:M	3	3	 0
704:1317106:R	3	3	 0
705:1174116:R	3	3	 0
706:92919:R	3	3	 0
707:28420:R	3	3	 0
708:867451:R	3	3	 0
709:258697:R	4	4	 0
710:1094315:R	4	4	 0
711:124772:R	3	3	 0
712:1324494:R	3	3	 0
713:151332:R	3	3	 0
714:1086299:R	3	3	 0
715:1152864:R	3	3	 0
716:473475:R	3	3	 0
717:1020624:M	4	4	 0
718:678185:R	6	6	 0
719:344717:R	3	3	 0
720:1338234:R	4	4	 0
721:228728:R	3	4	0
722:1321271:R	3	3	 0
723:1052795:R	3	3	 0
724:1227405:R	3	3	 0
725:83237:R	3	3	 0
726:1005291:R	4	4	 0
727:708048:R	3	3	 0
728:605248:R	3	3	 0
729:1073977:M	3	3	 0
730:1050582:M	3	3	 0
731:670455:R	3	3	 0
732:921057:R	3	3	 0
733:907100:R	3	3	 0
734:1110517:R	3	3	 0
735:879664:R	3	3	 0
736:172375:M	3	3	 0
737:708838:R	3	3	 0
738:943696:R	3	3	 0
739:1023580:R	3	3	 0
740:1299063:R	3	3	 0
741:1295704:R	3	3	 0
742:334688:R	3	3	 0
743:917770:M	3	3	 0
744:247213:R	3	3	 0
745:1130306:M	3	3	 0
746:1129591:R	3	3	 0
747:981627:M	3	3	 0
748:847197:R	3	3	 0
749:296013:R	3	3	 0
750:1147689:R	3	3	 0
751:1393439:M	3	3	 0
752:611155:R	3	3	 0
753:877211:R	3	3	 0
754:92676:R	3	3	 0
755:1380048:R	3	3	 0
756:52304:R	3	3	 0
757:1367936:R	3	4	0
758:338840:R	2	3	0
759:1276954:R	3	3	 0
760:170881:R	3	3	 0
761:569527:R	3	3	 0
762:581678:M	3	4	0
763:845978:R	3	3	 0
764:329500:R	3	3	 0
765:37913:R	3	3	 0
766:1019811:R	3	3	 0
767:1293396:R	3	3	 0
768:764248:R	3	3	 0
769:637145:R	3	3	 0
770:293205:R	3	3	 0
771:469175:M	3	3	 0
772:130230:M	3	3	 0
773:1288067:R	3	3	 0
774:1118786:R	3	3	 0
775:822482:R	3	3	 0
776:782622:R	3	3	 0
777:131466:M	3	3	 0
778:1225146:R	3	3	 0
779:1373676:R	3	3	 0
780:583804:R	3	3	 0
781:102816:R	3	3	 0
782:339000:R	3	3	 0
783:90833:R	3	3	 0
784:531870:R	3	3	 0
785:94473:R	3	3	 0
786:1085011:R	3	3	 0
787:791140:R	3	3	 0
788:1073777:R	3	3	 0
789:89826:R	3	3	 0
790:231393:R	6	6	 0
791:388910:M	3	3	 0
792:806700:M	3	3	 0
793:1387921:R	3	3	 0
794:302134:R	3	3	 0
795:688433:R	3	3	 0
796:472100:R	3	3	 0
797:555212:R	3	3	 0
798:588898:R	3	3	 0
799:29281:R	4	4	 0
800:295022:R	3	3	 0
801:268159:M	3	3	 0
802:613650:R	3	3	 0
803:161555:R	3	3	 0
804:260933:R	3	3	 0
805:862665:R	3	3	 0
806:89702:R	3	3	 0
807:317269:R	3	3	 0
808:615050:R	3	3	 0
809:533364:R	3	3	 0
810:1076938:R	3	3	 0
811:957178:R	3	3	 0
812:1061608:R	3	3	 0
813:1101308:R	3	3	 0
814:1047098:R	3	3	 0
815:25501:R	3	3	 0
816:523089:M	3	3	 0
817:254990:R	3	3	 0
818:883583:R	3	3	 0
819:667015:R	3	3	 0
820:988209:R	3	3	 0
821:970059:R	3	3	 0
822:141166:R	3	3	 0
823:177238:M	3	3	 0
824:621526:R	3	3	 0
825:1141279:R	3	3	 0
826:1294611:R	3	3	 0
827:795541:R	3	3	 0
828:1058139:R	3	3	 0
829:455795:R	3	3	 0
830:917611:R	3	3	 0
831:13418:R	3	3	 0
832:426460:R	3	3	 0
833:1175195:R	4	4	 0
834:887894:R	3	3	 0
835:97717:R	3	3	 0
836:113968:R	3	3	 0
837:571489:R	3	3	 0
838:183569:R	3	3	 0
839:61801:R	3	3	 0
840:179689:R	3	3	 0
841:578697:R	3	3	 0
842:1125797:R	3	3	 0
843:886306:M	3	3	 0
844:344283:R	3	3	 0
845:1238240:R	3	3	 0
846:207981:R	4	4	 0
847:134305:M	3	3	 0
848:154263:R	3	3	 0
849:813800:R	3	3	 0
850:1148079:R	3	3	 0
851:1253903:M	3	3	 0
852:727699:R	4	4	 0
853:700889:R	3	3	 0
854:1372720:R	3	3	 0
855:887866:R	3	3	 0
856:574277:R	3	3	 0
857:210769:R	3	3	 0
858:240045:R	3	3	 0
859:612923:R	3	3	 0
860:536254:M	3	3	 0
861:390345:R	6	7	1	390345
862:750224:R	3	3	 0
863:1367833:R	3	3	 0
864:966332:R	3	3	 0
865:695153:R	6	6	 0
866:522361:R	3	3	 0
867:1297091:R	3	3	 0
868:44825:M	3	4	0
869:1139041:R	3	3	 0
870:1011538:R	3	3	 0
871:464345:R	3	3	 0
872:1095432:R	3	3	 0
873:976562:R	4	5	0
874:530346:R	3	3	 0
875:1123838:R	3	3	 0
876:357815:R	3	3	 0
877:883990:R	4	4	 0
878:1259500:R	3	3	 0
879:63004:R	3	3	 0
880:781953:R	3	3	 0
881:1347861:R	3	3	 0
882:1361027:R	4	5	0
883:505626:R	3	3	 0
884:194932:R	3	3	 0
885:556843:R	3	3	 0
886:1312217:R	3	3	 0
887:171986:R	3	3	 0
888:1316859:R	3	3	 0
889:187397:R	5	5	 0
890:207378:R	3	3	 0
891:175163:R	3	3	 0
892:792181:R	3	3	 0
893:460785:R	3	3	 0
894:634917:R	3	3	 0
895:628517:R	7	7	 0
896:107339:R	6	6	 0
897:604664:M	4	4	 0
898:1189838:R	3	3	 0
899:1043624:M	3	3	 0
900:1313609:R	3	3	 0
901:181172:R	3	3	 0
902:1059666:R	3	3	 0
903:182458:R	3	3	 0
904:164808:R	3	4	0
905:357107:R	3	3	 0
906:705673:R	4	4	 0
907:355765:R	3	3	 0
908:164655:R	4	4	 0
909:706557:R	3	3	 0
910:956751:R	3	3	 0
911:863563:R	3	3	 0
912:682793:R	3	3	 0
913:351031:R	4	4	 0
914:871643:R	3	3	 0
915:1044351:R	3	3	 0
916:200513:R	3	3	 0
917:658622:M	3	3	 0
918:1084091:R	3	3	 0
919:342860:R	3	3	 0
920:112174:R	3	3	 0
921:197598:R	3	3	 0
922:1212483:R	3	3	 0
923:461683:R	3	3	 0
924:872614:R	3	3	 0
925:965190:R	3	3	 0
926:203687:M	3	3	 0
927:330312:R	3	3	 0
928:575633:R	3	3	 0
929:79854:R	3	3	 0
930:1127926:R	3	3	 0
931:32619:M	3	4	0
932:365464:M	3	3	 0
933:705747:R	3	3	 0
934:544527:R	3	3	 0
935:1054332:M	3	3	 0
936:1095755:R	3	3	 0
937:2059:R	3	3	 0
938:1166541:R	4	4	 0
939:221587:R	3	3	 0
940:132627:M	3	3	 0
941:716609:R	3	3	 0
942:1241882:R	3	3	 0
943:466710:R	3	3	 0
944:453805:R	3	3	 0
945:184770:R	3	3	 0
946:217169:R	3	3	 0
947:690979:M	3	3	 0
948:345474:R	3	3	 0
949:200482:M	3	3	 0
950:575834:R	3	3	 0
951:910153:R	3	3	 0
952:702010:R	3	3	 0
953:1216973:R	3	3	 0
954:359202:R	3	3	 0
955:1204829:R	3	3	 0
956:342143:R	3	3	 0
957:103565:R	3	3	 0
958:1362373:R	3	3	 0
959:122283:R	3	3	 0
960:469937:R	3	3	 0
961:931134:R	3	3	 0
962:1112175:R	3	3	 0
963:65656:R	3	3	 0
964:696663:R	3	3	 0
965:742175:R	6	6	 0
966:1283227:R	4	4	 0
967:329020:R	3	3	 0
968:87402:R	3	3	 0
969:1375349:R	3	3	 0
970:1193962:R	3	3	 0
971:495487:R	3	3	 0
972:343423:R	3	3	 0
973:390853:R	3	3	 0
974:222833:R	3	3	 0
975:1236741:R	4	4	 0
976:74626:R	3	3	 0
977:512508:R	3	3	 0
978:858255:M	3	3	 0
979:897422:R	3	3	 0
980:837842:R	3	3	 0
981:230163:R	3	3	 0
982:1381969:R	3	3	 0
983:349298:R	4	4	 0
984:693024:R	3	3	 0
985:1132980:R	3	3	 0
986:747782:R	3	3	 0
987:973711:R	3	3	 0
988:333076:R	3	3	 0
989:619012:M	3	3	 0
990:1010113:R	3	3	 0
991:236138:R	3	3	 0
992:750054:R	3	3	 0
993:726737:R	3	3	 0
994:590504:R	3	3	 0
995:866827:R	3	3	 0
996:455230:R	4	4	 0
997:544905:R	4	4	 0
998:194789:R	3	3	 0
999:135064:R	3	3	 0
1000:298354:R	3	4	0
1001:84305:R	5	5	 0
1002:590606:R	3	3	 0
1003:950922:R	4	4	 0
1004:487207:R	3	3	 0
1005:298604:R	3	3	 0
1006:639259:R	3	3	 0
1007:258968:R	3	3	 0
1008:924573:R	3	3	 0
1009:1061427:M	3	3	 0
1010:685093:R	3	3	 0
1011:1354403:R	3	3	 0
1012:481279:R	3	3	 0
1013:1101634:R	3	3	 0
1014:192194:R	5	5	 0
1015:343123:R	3	3	 0
1016:721315:R	3	3	 0
1017:614276:R	3	3	 0
1018:203227:R	3	3	 0
1019:1168696:R	3	3	 0
1020:554756:R	3	3	 0
1021:362754:R	3	3	 0
1022:1122836:R	3	3	 0
1023:47787:R	3	3	 0
1024:841619:M	4	4	 0
1025:76149:R	3	3	 0
1026:1089962:R	3	3	 0
1027:878379:M	3	3	 0
1028:37968:R	3	3	 0
1029:431353:R	5	5	 0
1030:540488:R	3	4	0
1031:1065726:R	3	3	 0
1032:862619:R	3	3	 0
1033:926897:R	3	3	 0
1034:707235:R	3	3	 0
1035:638692:R	4	4	 0
1036:150236:R	3	3	 0
1037:55549:R	3	3	 0
1038:693683:R	3	3	 0
1039:61104:R	3	3	 0
1040:777884:R	3	3	 0
1041:832853:R	4	4	 0
1042:224391:R	3	3	 0
1043:555061:R	3	3	 0
1044:402878:M	2	3	0
1045:1209050:R	3	3	 0
1046:1299583:R	3	3	 0
1047:398774:R	3	3	 0
1048:725286:R	3	3	 0
1049:478059:R	3	3	 0
1050:161792:R	4	4	 0
1051:890276:R	2	3	0
1052:803443:R	3	3	 0
1053:621054:R	3	3	 0
1054:1185927:M	3	3	 0
1055:1230957:R	3	3	 0
1056:844992:M	3	3	 0
1057:246738:R	3	3	 0
1058:1370308:R	3	3	 0
1059:947980:R	3	3	 0
1060:423119:R	4	4	 0
1061:1055780:R	3	3	 0
1062:684128:R	3	3	 0
1063:884556:R	3	3	 0
1064:1257157:R	3	3	 0
1065:1099257:R	3	3	 0
1066:513058:R	3	3	 0
1067:288086:M	3	3	 0
1068:263872:R	3	3	 0
1069:514676:R	3	3	 0
1070:669748:R	3	3	 0
1071:410518:M	4	4	 0
1072:1113908:R	3	3	 0
1073:538850:R	3	3	 0
1074:354939:R	4	4	 0
1075:531138:R	3	3	 0
1076:662538:M	3	3	 0
1077:558600:R	3	3	 0
1078:443183:R	3	3	 0
1079:1058741:R	3	3	 0
1080:1209512:R	3	3	 0
1081:981269:R	3	3	 0
1082:616141:R	3	3	 0
1083:1297374:R	4	4	 0
1084:775399:R	3	3	 0
1085:106447:R	3	3	 0
1086:1186830:R	4	4	 0
1087:109292:R	3	3	 0
1088:476129:R	3	3	 0
1089:762001:R	3	3	 0
1090:213553:R	4	4	 0
1091:386359:R	4	4	 0
1092:892353:R	3	3	 0
1093:282482:R	3	3	 0
1094:436496:R	3	3	 0
1095:635345:R	3	3	 0
1096:1286736:R	3	3	 0
1097:963724:R	3	3	 0
1098:10817:R	4	4	 0
1099:1198925:R	3	3	 0
1100:155873:R	3	3	 0
1101:233802:R	3	3	 0
1102:288144:R	3	3	 0
1103:454581:R	3	3	 0
1104:1007022:R	3	3	 0
1105:1320174:M	3	3	 0
1106:587209:R	3	3	 0
1107:592987:R	3	3	 0
1108:1370475:M	4	4	 0
1109:1389996:R	3	3	 0
1110:1239187:R	3	3	 0
1111:350414:R	3	3	 0
1112:143762:R	3	3	 0
1113:106781:R	3	3	 0
1114:629391:R	3	3	 0
1115:12804:R	3	3	 0
1116:50838:R	3	3	 0
1117:1367628:R	3	3	 0
1118:266389:R	3	3	 0
1119:1296338:R	3	3	 0
1120:1104089:R	3	3	 0
1121:1385690:R	3	4	0
1122:1354855:R	3	3	 0
1123:876676:M	3	3	 0
1124:1105034:R	3	3	 0
1125:673755:R	3	3	 0
1126:313390:R	3	3	 0
1127:517902:R	3	3	 0
1128:701162:R	3	3	 0
1129:646550:M	3	3	 0
1130:559310:R	4	4	 0
1131:994447:R	3	3	 0
1132:221208:R	3	3	 0
1133:1398152:R	3	3	 0
1134:63815:M	3	3	 0
1135:815094:R	3	3	 0
1136:963200:R	6	6	 0
1137:104959:R	3	3	 0
1138:1188587:R	3	3	 0
1139:989253:R	3	3	 0
1140:874892:R	3	3	 0
1141:1320551:R	3	3	 0
1142:695912:R	3	3	 0
1143:870906:R	3	3	 0
1144:935852:R	5	5	 0
1145:154921:R	3	3	 0
1146:511614:R	4	4	 0
1147:190551:M	3	3	 0
1148:757259:R	3	3	 0
1149:606145:R	3	3	 0
1150:819481:R	3	3	 0
1151:280299:R	4	5	0
1152:148576:R	3	3	 0
1153:684953:R	3	3	 0
1154:190464:R	3	3	 0
1155:1144494:R	3	3	 0
1156:1232793:R	3	3	 0
1157:379129:R	3	3	 0
1158:1038165:R	3	3	 0
1159:904281:R	3	3	 0
1160:1098711:R	3	3	 0
1161:659808:R	3	3	 0
1162:863433:R	3	3	 0
1163:100153:R	3	3	 0
1164:117117:R	4	4	 0
1165:846963:R	4	4	 0
1166:1186915:R	4	4	 0
1167:63593:R	4	4	 0
1168:349558:R	4	4	 0
1169:1063545:R	3	3	 0
1170:1360506:R	3	3	 0
1171:722445:R	3	3	 0
1172:1009710:R	4	4	 0
1173:250680:R	3	3	 0
1174:781289:R	3	3	 0
1175:106679:R	3	3	 0
1176:592330:R	3	3	 0
1177:833653:R	4	4	 0
1178:526301:R	3	3	 0
1179:633286:M	3	4	0
1180:250670:R	3	3	 0
1181:965710:R	3	3	 0
1182:291615:M	4	5	0
1183:757480:R	4	4	 0
1184:605688:R	3	3	 0
1185:679206:R	3	3	 0
1186:747641:R	3	3	 0
1187:575904:M	3	3	 0
1188:278398:R	3	3	 0
1189:51623:R	4	4	 0
1190:162094:R	3	3	 0
1191:526026:R	3	3	 0
1192:1063392:R	3	3	 0
1193:1103112:R	3	3	 0
1194:336268:R	3	3	 0
1195:81631:R	3	3	 0
1196:449:M	3	3	 0
1197:186226:R	3	3	 0
1198:1032455:R	3	3	 0
1199:1276424:M	3	3	 0
1200:825377:R	3	3	 0
1201:817988:R	3	3	 0
1202:754957:R	3	3	 0
1203:299734:R	3	3	 0
1204:1017699:R	3	3	 0
1205:1142528:R	3	3	 0
1206:403403:R	6	6	 0
1207:865386:R	3	3	 0
1208:761331:M	3	3	 0
1209:130905:R	3	3	 0
1210:905939:R	3	3	 0
1211:11853:R	3	3	 0
1212:596146:M	3	3	 0
1213:11735:M	3	3	 0
1214:722919:R	3	3	 0
1215:756437:R	3	4	0
1216:28837:R	3	3	 0
1217:205699:R	4	4	 0
1218:634635:R	3	3	 0
1219:416626:R	3	3	 0
1220:766590:R	3	3	 0
1221:1336893:R	3	3	 0
1222:285601:R	6	6	 0
1223:123684:R	3	3	 0
1224:290988:R	3	3	 0
1225:1182200:R	3	3	 0
1226:349782:R	3	4	0
1227:164038:R	4	4	 0
1228:537062:R	3	3	 0
1229:914533:R	3	3	 0
1230:883598:R	4	4	 0
1231:564171:R	3	3	 0
1232:1099362:R	3	3	 0
1233:548202:R	3	3	 0
1234:547971:R	3	3	 0
1235:326055:R	3	3	 0
1236:362987:M	3	3	 0
1237:1250181:R	3	3	 0
1238:655982:R	3	3	 0
1239:159049:M	3	3	 0
1240:1070317:M	3	3	 0
1241:1338903:R	3	3	 0
1242:884975:R	3	3	 0
1243:1094235:R	4	4	 0
1244:1124731:R	3	3	 0
1245:257585:R	3	3	 0
1246:726531:M	3	3	 0
1247:927347:R	3	3	 0
1248:979524:R	3	3	 0
1249:955581:R	3	3	 0
1250:981490:R	3	3	 0
1251:264541:R	3	3	 0
1252:372715:R	3	3	 0
1253:447930:R	3	3	 0
1254:1146345:R	3	3	 0
1255:401848:R	3	3	 0
1256:232401:R	3	3	 0
1257:1189269:R	3	3	 0
1258:1192631:R	3	3	 0
1259:149069:R	3	3	 0
1260:311670:R	3	3	 0
1261:261860:R	3	3	 0
1262:1124510:R	3	3	 0
1263:360209:R	3	3	 0
1264:676666:R	3	3	 0
1265:1327825:R	3	3	 0
1266:240741:R	3	3	 0
1267:1118967:R	3	3	 0
1268:1290133:R	3	3	 0
1269:1123117:R	3	3	 0
1270:239338:R	3	3	 0
1271:561520:M	3	3	 0
1272:953756:R	3	3	 0
1273:532809:R	3	3	 0
1274:72055:M	3	3	 0
1275:382978:R	3	3	 0
1276:300773:R	3	3	 0
1277:950879:R	3	3	 0
1278:1399017:R	3	3	 0
1279:191517:R	3	3	 0
1280:1081901:R	3	3	 0
1281:964148:R	3	3	 0
1282:363528:R	3	3	 0
1283:1288924:R	3	3	 0
1284:1172881:R	3	3	 0
1285:809224:R	3	3	 0
1286:922069:M	3	3	 0
1287:1253357:R	3	3	 0
1288:1138243:R	3	3	 0
1289:885357:R	3	3	 0
1290:1215003:R	4	4	 0
1291:214204:R	3	3	 0
1292:209846:R	3	3	 0
1293:546911:R	4	4	 0
1294:541227:R	3	3	 0
1295:55344:R	3	3	 0
1296:684398:R	3	3	 0
1297:827151:R	3	3	 0
1298:5344:R	3	3	 0
1299:678991:R	3	3	 0
1300:1369572:R	3	3	 0
1301:643459:R	3	3	 0
1302:601596:R	3	3	 0
1303:351002:R	3	3	 0
1304:70883:R	3	3	 0
1305:169447:R	4	4	 0
1306:104946:R	3	3	 0
1307:97103:R	7	7	 0
1308:502763:R	3	3	 0
1309:340370:M	5	6	0
1310:135853:R	3	3	 0
1311:713241:R	3	3	 0
1312:819272:R	3	3	 0
1313:1258291:R	3	3	 0
1314:43199:R	3	3	 0
1315:64782:R	3	3	 0
1316:964356:R	3	3	 0
1317:103726:R	3	3	 0
1318:370816:M	3	3	 0
1319:1062675:M	3	4	0
1320:198407:R	4	4	 0
1321:740687:M	3	3	 0
1322:687886:R	3	3	 0
1323:38837:R	3	3	 0
1324:192182:R	3	3	 0
1325:292826:R	3	3	 0
1326:1033999:R	3	3	 0
1327:594865:R	3	3	 0
1328:956529:R	3	3	 0
1329:619700:R	3	3	 0
1330:920174:R	3	3	 0
1331:81992:M	3	3	 0
1332:403433:R	3	3	 0
1333:456833:M	3	3	 0
1334:219269:R	3	3	 0
1335:1039336:R	3	3	 0
1336:908017:R	3	3	 0
1337:1189710:R	3	3	 0
1338:385241:R	3	3	 0
1339:494656:R	3	3	 0
1340:838186:R	3	3	 0
1341:282292:R	3	3	 0
1342:304647:R	3	3	 0
1343:1262902:R	3	3	 0
1344:599644:R	3	3	 0
1345:819116:R	4	4	 0
1346:1391169:M	3	3	 0
1347:127338:R	3	3	 0
1348:553761:R	3	3	 0
1349:114186:M	3	3	 0
1350:27810:R	3	3	 0
1351:468218:R	3	3	 0
1352:1089672:M	3	3	 0
1353:107883:R	3	3	 0
1354:669517:R	3	3	 0
1355:295060:R	6	6	 0
1356:635653:M	4	4	 0
1357:1117748:R	3	3	 0
1358:211827:R	4	4	 0
1359:614328:R	5	5	 0
1360:935359:R	3	3	 0
1361:1385701:R	3	3	 0
1362:882088:R	3	3	 0
1363:448447:M	3	3	 0
1364:379291:R	3	3	 0
1365:146450:R	3	3	 0
1366:39437:R	3	3	 0
1367:704467:R	3	4	0
1368:701272:R	3	3	 0
1369:132248:R	3	3	 0
1370:147843:R	3	3	 0
1371:493984:R	3	3	 0
1372:871905:M	3	3	 0
1373:313244:R	3	3	 0
1374:526874:R	3	3	 0
1375:295346:R	3	3	 0
1376:377530:R	3	3	 0
1377:1347518:R	3	3	 0
1378:1096377:R	3	3	 0
1379:1135822:R	3	3	 0
1380:351711:R	3	3	 0
1381:785810:R	6	6	 0
1382:873814:R	4	4	 0
1383:1192573:M	3	3	 0
1384:1321869:R	3	3	 0
1385:804261:R	3	3	 0
1386:370545:R	4	4	 0
1387:1100928:R	3	3	 0
1388:544283:R	3	3	 0
1389:684751:R	3	3	 0
1390:608181:R	3	3	 0
1391:721519:R	3	4	0
1392:1349762:R	4	4	 0
1393:982761:R	3	3	 0
1394:397237:R	3	3	 0
1395:1273955:R	3	3	 0
1396:474281:R	3	3	 0
1397:126466:R	3	3	 0
1398:197145:R	3	3	 0
1399:1250553:M	3	3	 0
1400:916520:R	4	4	 0
1401:1205495:R	3	3	 0
1402:219276:R	3	3	 0
1403:828895:R	6	6	 0
1404:249962:R	3	3	 0
1405:1086493:R	3	3	 0
1406:736739:R	3	3	 0
1407:458707:R	3	3	 0
1408:283882:R	3	3	 0
1409:191175:R	3	3	 0
1410:342237:R	3	3	 0
1411:1350386:R	3	3	 0
1412:1323905:R	3	3	 0
1413:900986:R	3	3	 0
1414:1139996:R	3	3	 0
1415:1149481:R	3	3	 0
1416:577416:R	3	3	 0
1417:143313:M	3	3	 0
1418:682414:R	3	3	 0
1419:1010547:M	3	3	 0
1420:1361218:M	3	3	 0
1421:658105:R	3	3	 0
1422:76421:R	3	3	 0
1423:1153908:R	3	3	 0
1424:1019714:R	3	3	 0
1425:1398220:R	3	3	 0
1426:1070151:R	3	3	 0
1427:888302:R	3	3	 0
1428:862975:M	3	3	 0
1429:881125:R	3	3	 0
1430:473248:R	6	6	 0
1431:314612:R	3	3	 0
1432:1163905:R	3	3	 0
1433:1368537:R	3	3	 0
1434:802443:R	3	3	 0
1435:685246:R	6	6	 0
1436:1025910:R	3	3	 0
1437:852836:R	4	4	 0
1438:1233961:R	3	3	 0
1439:560762:R	3	3	 0
1440:107247:R	3	3	 0
1441:183459:M	3	3	 0
1442:1162087:R	4	4	 0
1443:6511:R	3	3	 0
1444:948526:R	3	3	 0
1445:1278119:R	4	4	 0
1446:1113028:R	3	3	 0
1447:998410:R	3	3	 0
1448:385120:R	3	3	 0
1449:931261:R	3	3	 0
1450:1234273:R	3	3	 0
1451:1155066:R	4	4	 0
1452:492046:R	4	4	 0
1453:958506:R	4	4	 0
1454:1189689:R	3	3	 0
1455:701669:R	3	3	 0
1456:942861:R	3	3	 0
1457:79312:R	3	3	 0
1458:728081:R	4	4	 0
1459:609623:R	3	3	 0
1460:167544:R	4	4	 0
1461:670702:R	3	3	 0
1462:517189:R	4	4	 0
1463:798016:R	3	3	 0
1464:214791:M	3	3	 0
1465:1308333:R	3	3	 0
1466:1091985:R	3	3	 0
1467:554456:R	3	3	 0
1468:621584:R	3	3	 0
1469:833938:R	3	3	 0
1470:14136:R	3	3	 0
1471:1200487:R	3	4	0
1472:40603:R	3	3	 0
1473:439730:R	3	3	 0
1474:677665:R	3	3	 0
1475:1057807:R	3	3	 0
1476:957022:R	3	3	 0
1477:396814:R	3	3	 0
1478:690947:R	3	3	 0
1479:1396634:R	3	3	 0
1480:108341:R	3	3	 0
1481:490828:R	3	3	 0
1482:898079:R	4	4	 0
1483:206856:R	3	3	 0
1484:1361541:R	3	3	 0
1485:631775:R	4	4	 0
1486:671049:R	3	3	 0
1487:828842:R	3	3	 0
1488:297352:R	3	3	 0
1489:1364862:R	3	3	 0
1490:1095526:R	3	3	 0
1491:46434:R	3	3	 0
1492:184038:R	3	3	 0
1493:33336:R	3	3	 0
1494:1190581:R	3	3	 0
1495:931345:R	3	3	 0
1496:824415:M	3	3	 0
1497:387852:R	3	3	 0
1498:191000:R	3	3	 0
1499:591127:R	6	6	 0
1500:530754:R	4	4	 0
1501:1391111:R	3	3	 0
1502:891436:R	3	3	 0
1503:858796:R	3	3	 0
1504:882746:R	3	3	 0
1505:764866:R	4	4	 0
1506:1215381:R	3	3	 0
1507:359093:R	3	3	 0
1508:375808:R	3	3	 0
1509:651621:R	3	3	 0
1510:184122:M	3	3	 0
1511:618303:R	3	3	 0
1512:581293:R	4	4	 0
1513:1050525:R	3	3	 0
1514:666107:R	3	3	 0
1515:466625:M	3	3	 0
1516:1011924:R	3	3	 0
1517:1092166:R	3	3	 0
1518:138079:R	3	3	 0
1519:203747:R	3	3	 0
1520:327326:R	3	3	 0
1521:1332770:R	3	3	 0
1522:660194:R	3	3	 0
1523:1398851:R	3	3	 0
1524:873929:R	3	3	 0
1525:301189:R	3	3	 0
1526:349107:R	3	3	 0
1527:1020210:R	3	3	 0
1528:1348141:M	3	3	 0
1529:706855:R	3	3	 0
1530:381857:R	3	3	 0
1531:609044:R	3	4	0
1532:1301449:R	3	3	 0
1533:617507:R	4	4	 0
1534:1029865:R	3	4	0
1535:400764:R	3	3	 0
1536:590303:R	4	4	 0
1537:810047:R	3	3	 0
1538:82916:R	3	3	 0
1539:530088:R	3	3	 0
1540:811766:R	4	4	 0
1541:120740:R	4	4	 0
1542:1152247:R	3	3	 0
1543:1214295:R	4	4	 0
1544:738415:R	3	3	 0
1545:1267574:R	3	4	0
1546:48934:R	3	3	 0
1547:1368386:R	3	3	 0
1548:808450:R	3	3	 0
1549:801455:R	3	3	 0
1550:276987:R	3	3	 0
1551:1199120:R	4	4	 0
1552:202716:R	3	3	 0
1553:1050654:R	4	4	 0
1554:1269050:R	3	3	 0
1555:986962:R	3	3	 0
1556:78330:R	3	3	 0
1557:795333:R	3	3	 0
1558:877069:R	3	3	 0
1559:91597:R	3	3	 0
1560:387350:R	3	3	 0
1561:933525:R	3	3	 0
1562:1324473:R	3	3	 0
1563:20444:R	3	3	 0
1564:1020069:R	3	3	 0
1565:796651:R	3	3	 0
1566:1136590:M	3	3	 0
1567:155603:R	3	3	 0
1568:654921:R	3	3	 0
1569:1339331:M	3	3	 0
1570:738794:R	3	3	 0
1571:249122:M	3	3	 0
1572:573759:R	4	4	 0
1573:1289408:R	3	3	 0
1574:44386:R	3	3	 0
1575:544803:R	3	3	 0
1576:350424:R	3	3	 0
1577:324082:R	3	3	 0
1578:503434:R	6	6	 0
1579:477633:R	3	3	 0
1580:673173:R	7	7	 0
1581:606827:R	3	3	 0
1582:1246013:R	3	3	 0
1583:209938:R	3	3	 0
1584:190155:R	3	3	 0
1585:1188108:R	3	3	 0
1586:78731:R	3	3	 0
1587:341171:R	3	3	 0
1588:604891:M	3	3	 0
1589:1002846:R	3	3	 0
1590:8829:R	3	3	 0
1591:439052:M	3	3	 0
1592:80998:R	3	3	 0
1593:300501:R	3	3	 0
1594:810368:R	3	3	 0
1595:1398616:R	3	3	 0
1596:131643:M	3	3	 0
1597:307459:R	3	3	 0
1598:692684:R	3	3	 0
1599:1395159:M	3	3	 0
1600:1030551:R	4	4	 0
1601:969817:R	3	3	 0
1602:1102117:R	3	3	 0
1603:157009:R	4	5	0
1604:723807:R	3	3	 0
1605:112454:R	3	3	 0
1606:1171101:R	3	3	 0
1607:604365:R	3	3	 0
1608:1024315:R	3	3	 0
1609:112233:R	3	3	 0
1610:374293:R	3	3	 0
1611:1363138:R	4	4	 0
1612:315555:R	3	3	 0
1613:694169:R	3	3	 0
1614:1136319:R	3	3	 0
1615:87944:M	3	3	 0
1616:83980:R	3	3	 0
1617:753184:R	3	3	 0
1618:296896:R	3	3	 0
1619:303564:R	3	3	 0
1620:965839:R	3	3	 0
1621:503969:R	4	4	 0
1622:1122220:R	3	3	 0
1623:1069049:R	3	3	 0
1624:613446:R	3	3	 0
1625:650406:R	3	3	 0
1626:675791:R	3	3	 0
1627:1186209:R	4	4	 0
1628:245627:R	3	3	 0
1629:495003:R	3	3	 0
1630:654601:R	3	3	 0
1631:281936:M	3	3	 0
1632:1167640:R	3	3	 0
1633:1000971:R	3	3	 0
1634:443056:R	6	6	 0
1635:922889:M	3	3	 0
1636:53727:R	3	3	 0
1637:1098560:R	3	3	 0
1638:1188030:R	3	3	 0
1639:246927:R	3	3	 0
1640:1201538:R	3	3	 0
1641:146116:R	3	3	 0
1642:1091667:R	3	3	 0
1643:457511:R	3	3	 0
1644:17154:M	4	4	 0
1645:972510:R	3	3	 0
1646:624873:M	5	5	 0
1647:678389:R	3	3	 0
1648:1394942:R	3	3	 0
1649:103558:R	3	3	 0
1650:354782:R	3	3	 0
1651:859658:R	3	3	 0
1652:396406:R	3	3	 0
1653:670301:R	3	3	 0
1654:143829:R	3	3	 0
1655:1213411:M	3	3	 0
1656:606566:R	3	4	0
1657:97801:R	3	3	 0
1658:828169:R	3	3	 0
1659:759915:M	3	3	 0
1660:79181:R	3	3	 0
1661:1156388:R	3	3	 0
1662:319486:R	3	3	 0
1663:1380238:R	3	3	 0
1664:990716:R	3	3	 0
1665:242166:R	3	3	 0
1666:734198:R	3	3	 0
1667:991048:R	3	3	 0
1668:1123838:R	3	3	 0
1669:615450:R	3	3	 0
1670:1196822:R	3	3	 0
1671:363500:M	3	3	 0
1672:909434:R	3	3	 0
1673:893270:R	3	3	 0
1674:1024934:R	3	3	 0
1675:1345110:R	3	3	 0
1676:701031:R	4	4	 0
1677:728294:R	3	3	 0
1678:1336527:R	3	3	 0
1679:28113:R	3	3	 0
1680:795636:R	6	6	 0
1681:176786:R	6	6	 0
1682:1096727:R	3	3	 0
1683:474109:R	3	3	 0
1684:527799:R	3	3	 0
1685:801062:R	3	3	 0
1686:795768:R	3	3	 0
1687:611653:R	3	3	 0
1688:1073463:R	3	3	 0
1689:803843:R	3	3	 0
1690:510506:R	3	3	 0
1691:384236:R	3	3	 0
1692:817873:R	3	3	 0
1693:524022:R	4	4	 0
1694:143854:R	3	3	 0
1695:118700:M	3	4	0
1696:308517:M	3	3	 0
1697:995697:M	3	3	 0
1698:1310357:R	3	3	 0
1699:1091285:R	3	3	 0
1700:1395288:R	3	3	 0
1701:79530:R	3	3	 0
1702:1286793:M	3	3	 0
1703:238091:R	3	3	 0
1704:613683:R	3	3	 0
1705:474639:R	4	4	 0
1706:873709:R	3	3	 0
1707:1043083:R	3	3	 0
1708:1389725:M	3	3	 0
1709:1228394:R	3	3	 0
1710:586907:M	3	3	 0
1711:534868:R	3	3	 0
1712:1086023:M	6	6	 0
1713:497319:R	3	3	 0
1714:787445:R	3	3	 0
1715:380749:R	3	3	 0
1716:828851:R	3	3	 0
1717:1370554:R	3	3	 0
1718:1204139:R	9	9	 0
1719:999554:R	3	3	 0
1720:250269:R	3	3	 0
1721:1206668:R	3	3	 0
1722:364949:R	3	3	 0
1723:1060666:R	3	3	 0
1724:315986:R	3	3	 0
1725:363548:R	3	3	 0
1726:1131370:M	3	3	 0
1727:629563:R	3	3	 0
1728:210594:R	3	3	 0
1729:155559:R	3	3	 0
1730:1369467:M	3	3	 0
1731:238044:R	3	3	 0
1732:649012:R	3	3	 0
1733:131272:R	2	3	1	131272
1734:793771:R	3	3	 0
1735:890709:R	4	4	 0
1736:834530:R	3	3	 0
1737:932207:R	3	3	 0
1738:1010125:R	3	3	 0
1739:41456:R	3	3	 0
1740:679842:R	3	3	 0
1741:271495:R	3	3	 0
1742:296691:R	3	3	 0
1743:706883:R	3	3	 0
1744:959296:R	3	3	 0
1745:603529:M	3	3	 0
1746:851966:R	3	3	 0
1747:1035730:R	3	3	 0
1748:863524:R	3	3	 0
1749:343245:R	3	3	 0
1750:532246:R	3	3	 0
1751:1329642:R	3	3	 0
1752:655424:R	3	3	 0
1753:655857:R	3	3	 0
1754:671808:R	3	3	 0
1755:876934:R	3	3	 0
1756:288359:R	3	3	 0
1757:810335:M	3	3	 0
1758:172603:R	3	3	 0
1759:525209:R	3	3	 0
1760:229820:M	3	3	 0
1761:267865:M	3	3	 0
1762:567342:R	3	3	 0
1763:206149:R	3	3	 0
1764:630001:R	3	3	 0
1765:673950:R	3	3	 0
1766:556581:R	3	3	 0
1767:1063513:R	3	3	 0
1768:184508:R	3	3	 0
1769:391487:R	3	3	 0
1770:1259079:R	3	3	 0
1771:584170:R	3	3	 0
1772:1175042:R	3	3	 0
1773:187646:R	3	3	 0
1774:1266228:R	3	3	 0
1775:1001458:R	3	3	 0
1776:321922:R	3	3	 0
1777:137775:R	3	3	 0
1778:597353:R	3	3	 0
1779:824007:R	3	3	 0
1780:1342335:R	4	4	 0
1781:268122:R	3	3	 0
1782:1126798:M	3	3	 0
1783:168469:R	3	3	 0
1784:379310:R	3	3	 0
1785:618568:R	3	4	0
1786:702172:R	3	4	0
1787:360510:R	3	3	 0
1788:1242762:M	4	4	 0
1789:339281:R	3	3	 0
1790:1086517:R	3	3	 0
1791:593426:R	3	3	 0
1792:619740:R	4	4	 0
1793:1386384:R	3	3	 0
1794:1073350:R	4	4	 0
1795:131086:R	4	4	 0
1796:860368:R	3	3	 0
1797:450113:R	3	3	 0
1798:274909:R	3	3	 0
1799:487462:R	3	3	 0
1800:488489:R	3	3	 0
1801:880488:R	3	3	 0
1802:98570:R	3	3	 0
1803:510492:M	3	3	 0
1804:927980:M	6	6	 0
1805:1048292:M	3	3	 0
1806:999914:R	3	3	 0
1807:846661:M	3	3	 0
1808:833367:R	3	3	 0
1809:1159641:R	3	4	0
1810:898606:R	3	3	 0
1811:349404:R	4	4	 0
1812:961133:R	3	3	 0
1813:1322404:R	3	3	 0
1814:969193:R	3	3	 0
1815:866414:R	3	3	 0
1816:527563:R	3	4	1	527563
1817:1278196:R	3	3	 0
1818:891651:R	3	3	 0
1819:715566:R	3	3	 0
1820:1300146:R	4	4	 0
1821:1071191:R	3	3	 0
1822:893070:R	4	4	 0
1823:822152:R	3	3	 0
1824:1018586:R	3	3	 0
1825:637273:R	3	3	 0
1826:84776:M	3	3	 0
1827:194389:R	3	3	 0
1828:675682:R	3	3	 0
1829:268246:R	3	3	 0
1830:1138861:R	3	3	 0
1831:592877:R	3	3	 0
1832:1330794:M	4	4	 0
1833:721294:R	3	3	 0
1834:652861:R	3	3	 0
1835:538114:R	3	3	 0
1836:1054967:R	3	3	 0
1837:90915:R	3	3	 0
1838:1121274:R	3	3	 0
1839:1076649:M	3	3	 0
1840:370283:R	3	3	 0
1841:91511:R	3	3	 0
1842:589204:R	3	3	 0
1843:1336661:R	3	3	 0
1844:1216719:M	3	4	0
1845:55885:R	3	3	 0
1846:469051:R	3	3	 0
1847:1134847:R	3	3	 0
1848:480653:R	3	3	 0
1849:4301:R	3	3	 0
1850:798469:R	3	3	 0
1851:1010574:R	3	3	 0
1852:1008075:R	3	3	 0
1853:1242689:R	3	3	 0
1854:546958:R	3	3	 0
1855:977071:R	3	4	0
1856:13974:R	3	3	 0
1857:48900:R	6	6	 0
1858:1031423:R	3	3	 0
1859:212062:R	3	3	 0
1860:387737:R	3	3	 0
1861:539713:R	3	3	 0
1862:682087:R	3	3	 0
1863:215773:R	3	4	0
1864:1378270:R	3	3	 0
1865:505340:R	4	4	 0
1866:658580:R	3	3	 0
1867:679573:R	3	3	 0
1868:98447:R	3	4	0
1869:460023:R	3	3	 0
1870:279911:R	3	3	 0
1871:593396:R	3	3	 0
1872:834678:R	3	3	 0
1873:1385969:R	4	4	 0
1874:90208:R	3	3	 0
1875:541334:R	3	3	 0
1876:383670:R	3	3	 0
1877:1326551:R	3	3	 0
1878:1150014:M	3	3	 0
1879:925824:R	4	4	 0
1880:1180850:R	3	3	 0
1881:67317:R	3	3	 0
1882:1003807:R	3	3	 0
1883:798042:R	3	3	 0
1884:191716:R	3	3	 0
1885:20111:M	3	3	 0
1886:851243:M	4	4	 0
1887:1322756:R	3	3	 0
1888:1216807:R	3	3	 0
1889:1030514:R	3	3	 0
1890:431783:R	3	3	 0
1891:33202:R	3	3	 0
1892:1068152:M	3	3	 0
1893:190280:R	3	3	 0
1894:841402:R	3	3	 0
1895:195793:M	3	3	 0
1896:292481:R	3	3	 0
1897:924875:R	4	4	 0
1898:501594:M	3	3	 0
1899:143690:R	3	3	 0
1900:1297491:R	3	3	 0
1901:1283005:R	3	3	 0
1902:486161:R	3	3	 0
1903:1196731:R	3	3	 0
1904:1187416:R	3	3	 0
1905:1062870:R	3	3	 0
1906:125089:R	3	3	 0
1907:993582:R	3	3	 0
1908:87381:R	3	3	 0
1909:1100721:M	3	3	 0
1910:882270:R	3	3	 0
1911:998383:R	3	3	 0
1912:1071:R	3	3	 0
1913:59010:R	3	3	 0
1914:56031:R	3	3	 0
1915:981545:R	4	4	 0
1916:749931:R	3	3	 0
1917:1302974:R	3	3	 0
1918:1102965:R	3	3	 0
1919:405300:R	4	4	 0
1920:1243815:R	6	6	 0
1921:895468:R	3	3	 0
1922:480034:R	3	3	 0
1923:269140:R	3	3	 0
1924:757235:R	3	3	 0
1925:358996:R	6	6	 0
1926:479422:R	4	4	 0
1927:59926:R	3	3	 0
1928:246801:R	5	6	1	246801
1929:1063330:M	3	3	 0
1930:164446:R	3	3	 0
1931:199959:R	3	3	 0
1932:1187788:R	3	3	 0
1933:488111:R	3	3	 0
1934:105590:R	3	3	 0
1935:1222998:M	3	3	 0
1936:1214273:R	3	3	 0
1937:1000782:M	4	4	 0
1938:1248541:M	3	3	 0
1939:1106691:R	3	3	 0
1940:1071752:R	3	3	 0
1941:415062:R	3	3	 0
1942:820324:R	3	3	 0
1943:127049:R	3	3	 0
1944:461516:R	3	3	 0
1945:389898:R	4	4	 0
1946:502172:R	3	3	 0
1947:681529:R	3	3	 0
1948:605283:R	4	4	 0
1949:1345095:M	3	3	 0
1950:121895:R	3	3	 0
1951:200607:R	3	3	 0
1952:685535:R	3	3	 0
1953:919601:R	6	6	 0
1954:791690:R	3	3	 0
1955:313245:R	3	3	 0
1956:1288322:R	3	3	 0
1957:876642:R	3	3	 0
1958:293904:M	3	3	 0
1959:640063:R	3	3	 0
1960:507674:R	3	3	 0
1961:549166:R	3	3	 0
1962:1258843:R	3	3	 0
1963:974202:R	3	3	 0
1964:937827:R	3	3	 0
1965:483941:M	3	3	 0
1966:175924:R	3	3	 0
1967:1322050:R	3	3	 0
1968:500018:R	4	4	 0
1969:549112:R	3	3	 0
1970:1232707:R	3	3	 0
1971:1275136:R	3	3	 0
1972:580466:R	4	4	 0
1973:224875:R	3	3	 0
1974:469892:R	3	3	 0
1975:317104:R	3	3	 0
1976:763163:R	3	3	 0
1977:969308:R	4	4	 0
1978:248827:R	3	3	 0
1979:1114803:R	3	3	 0
1980:926779:R	3	3	 0
1981:1121717:R	2	3	1	1121717
1982:883762:R	4	4	 0
1983:438611:R	3	4	0
1984:1283037:R	3	3	 0
1985:725086:M	3	3	 0
1986:1285635:R	3	3	 0
1987:870326:M	7	7	 0
1988:526342:R	3	3	 0
1989:1285035:R	3	3	 0
1990:107512:R	3	3	 0
1991:1302836:M	3	3	 0
1992:1100651:R	3	3	 0
1993:1220017:R	3	3	 0
1994:882287:R	3	3	 0
1995:164406:R	3	3	 0
1996:245869:R	4	4	 0
1997:74491:R	3	4	0
1998:1385543:R	3	3	 0
1999:796692:R	3	3	 0
