0:54975:R	16	0	0	0
1:12327:M	17	0	0	0
2:557717:R	19	0	0	0
3:330002:M	17	0	0	0
4:516947:R	19	0	0	0
5:65525:R	29	132	143	1	65525
6:682355:R	22	129	129	1	682355
7:500769:R	21	128	128	1	500769
8:914810:R	14	0	0	0
9:58720:R	31	138	129	1	58720
10:906437:R	11	0	0	0
11:297400:R	29	126	138	1	297400
12:171043:R	23	132	132	1	171043
13:1202362:R	11	0	0	0
14:1231600:R	24	136	129	1	1231600
15:1330052:R	22	126	108	1	1330052
16:471672:M	27	116	116	0
17:514521:R	24	123	122	1	514521
18:1014939:R	20	0	0	0
19:163152:R	24	111	105	1	163152
20:173222:M	20	0	0	0
21:916481:R	15	0	0	0
22:232304:R	23	106	114	1	232304
23:1045078:R	17	0	0	0
24:1007511:R	11	0	0	0
25:1153759:R	12	0	0	0
26:266269:M	12	0	0	0
27:742823:R	29	136	136	1	742823
28:680573:R	29	140	140	1	680573
29:1123710:R	27	141	141	1	1123710
30:1019406:R	11	0	0	0
31:471494:R	28	139	139	1	471494
32:166636:R	13	0	0	0
33:740788:R	29	138	121	1	740788
34:677195:R	20	0	0	0
35:84552:R	32	124	124	1	84552
36:216565:M	21	123	123	0
37:218429:R	30	131	144	1	218429
38:1166663:R	26	135	135	1	1166663
39:1358644:R	26	122	120	1	1358644
40:495355:R	22	141	141	1	495355
41:717971:R	20	0	0	0
42:1258189:R	16	0	0	0
43:601373:R	18	0	0	0
44:1300710:R	26	129	140	1	1300710
45:1336958:R	30	132	119	1	1336958
46:49701:R	19	0	0	0
47:1304002:R	31	134	133	1	1304002
48:491367:R	15	0	0	0
49:976908:R	26	136	121	1	976908
50:920445:M	28	110	110	0
51:1084119:R	17	0	0	0
52:296719:R	17	0	0	0
53:890801:R	32	119	128	1	890801
54:1324711:R	23	121	120	1	1324711
55:1168684:R	27	136	136	1	1168684
56:779736:R	15	0	0	0
57:1177511:R	30	135	135	1	1177511
58:803425:M	29	106	106	0
59:835600:R	22	146	134	1	835600
60:61573:R	28	141	141	1	61573
61:941173:R	31	136	136	1	941173
62:127620:R	11	0	0	0
63:567237:R	19	0	0	0
64:891546:R	30	126	126	1	891546
65:458917:R	13	0	0	0
66:769621:R	25	136	136	1	769621
67:744918:R	13	0	0	0
68:798571:R	25	153	145	1	798571
69:775683:M	32	118	118	0
70:1350007:R	25	118	118	1	1350007
71:985472:R	18	0	0	0
72:258308:R	31	139	149	1	258308
73:947459:R	11	0	0	0
74:530012:R	26	136	125	1	530012
75:515:R	27	140	139	1	515
76:336082:R	13	0	0	0
77:482566:R	15	0	0	0
78:1388858:R	23	120	118	1	1388858
79:1217334:M	24	112	112	0
80:205243:R	23	135	126	1	205243
81:1299606:R	24	131	131	1	1299606
82:905096:R	12	0	0	0
83:996102:M	32	139	139	0
84:1174923:R	19	0	0	0
85:655847:M	30	148	148	0
86:740619:M	15	0	0	0
87:1209767:R	12	0	0	0
88:735154:R	19	0	0	0
89:716876:R	24	130	124	1	716876
90:983497:R	22	129	141	1	983497
91:328129:R	18	0	0	0
92:269266:R	11	0	0	0
93:379120:R	20	0	0	0
94:352562:R	17	0	0	0
95:653148:R	21	132	123	1	653148
96:1177226:R	11	0	0	0
97:988018:R	14	0	0	0
98:505874:R	29	121	119	1	505874
99:1296744:R	23	134	146	1	1296744
100:870288:R	24	133	146	1	870288
101:47226:R	15	0	0	0
102:27389:R	23	133	133	1	27389
103:254530:R	14	0	0	0
104:584992:R	29	139	139	1	584992
105:137817:R	28	139	152	1	137817
106:775810:R	12	0	0	0
107:305079:R	27	122	123	1	305079
108:805860:R	12	0	0	0
109:271402:R	24	126	138	1	271402
110:493383:R	12	0	0	0
111:1210115:R	31	142	142	1	1210115
112:32542:R	22	135	135	1	32542
113:719532:R	23	133	132	1	719532
114:403024:R	21	121	121	1	403024
115:185887:R	12	0	0	0
116:219512:R	26	137	137	1	219512
117:1018743:R	27	136	136	1	1018743
118:1378936:R	24	129	139	1	1378936
119:1297659:M	22	85	85	0
120:992654:M	32	124	124	0
121:52995:R	25	123	123	1	52995
122:1112249:R	23	139	139	1	1112249
123:559095:R	23	136	129	1	559095
124:925017:R	28	119	131	1	925017
125:288780:R	19	0	0	0
126:893664:R	24	143	136	1	893664
127:1323774:R	31	122	121	1	1323774
128:355261:R	29	136	133	1	355261
129:1229295:R	26	131	131	1	1229295
130:232383:R	16	0	0	0
131:939869:M	16	0	0	0
132:523600:R	11	0	0	0
133:103413:R	11	0	0	0
134:1217225:R	20	0	0	0
135:1066536:M	25	123	123	0
136:773019:R	12	0	0	0
137:645787:R	21	144	131	1	645787
138:1363875:R	32	150	151	1	1363875
139:808771:M	21	124	136	1	808771
140:468326:R	24	151	151	1	468326
141:2948:R	27	146	146	1	2948
142:650205:R	29	130	123	1	650205
143:842586:M	17	0	0	0
144:696710:M	27	115	115	0
145:178770:R	30	133	133	1	178770
146:487144:R	11	0	0	0
147:1131808:R	20	0	0	0
148:693690:M	32	114	114	0
149:1042588:R	13	0	0	0
150:1337280:M	13	0	0	0
151:62844:R	28	115	124	1	62844
152:1144701:R	28	144	144	1	1144701
153:1255196:R	24	124	116	1	1255196
154:259801:R	17	0	0	0
155:1397211:R	27	121	121	1	1397211
156:465616:R	22	126	122	1	465616
157:533777:R	18	0	0	0
158:681731:R	22	124	111	1	681731
159:1077079:R	24	119	129	1	1077079
160:235312:R	23	123	123	1	235312
161:1381107:R	29	139	129	1	1381107
162:236688:R	21	123	121	1	236688
163:649779:R	20	0	0	0
164:358981:R	26	128	138	1	358981
165:949335:R	13	0	0	0
166:230356:R	29	152	141	1	230356
167:327887:R	28	147	147	1	327887
168:802837:R	18	0	0	0
169:966900:R	15	0	0	0
170:884634:R	32	124	124	1	884634
171:421493:R	26	116	116	1	421493
172:994631:R	13	0	0	0
173:909612:R	25	126	136	1	909612
174:1242680:R	18	0	0	0
175:108767:R	30	133	133	1	108767
176:234220:M	14	0	0	0
177:809850:R	22	120	130	1	809850
178:699587:M	11	0	0	0
179:810776:R	20	0	0	0
180:1287925:R	19	0	0	0
181:756638:M	26	116	116	0
182:662656:R	20	0	0	0
183:1260402:R	15	0	0	0
184:750893:R	13	0	0	0
185:217652:R	25	127	117	1	217652
186:1127558:R	24	122	122	1	1127558
187:21642:R	14	0	0	0
188:56582:R	21	124	124	1	56582
189:1094866:R	14	0	0	0
190:314483:R	25	136	147	1	314483
191:1279970:R	27	127	127	1	1279970
192:876080:R	28	135	145	1	876080
193:1060974:R	31	128	128	1	1060974
194:557746:R	18	0	0	0
195:781576:M	11	0	0	0
196:494377:R	13	0	0	0
197:865673:R	13	0	0	0
198:897464:M	21	115	115	0
199:256560:M	20	0	0	0
200:282994:R	23	131	131	1	282994
201:1168986:R	30	139	139	1	1168986
202:334379:R	25	136	126	1	334379
203:1358826:R	18	0	0	0
204:164531:R	30	129	129	1	164531
205:944879:R	31	156	156	1	944879
206:191581:R	18	0	0	0
207:342287:R	16	0	0	0
208:832504:R	16	0	0	0
209:91067:R	29	138	129	1	91067
210:454924:R	29	123	134	1	454924
211:1050477:R	15	0	0	0
212:1254536:R	13	0	0	0
213:1309645:R	18	0	0	0
214:177508:R	32	146	146	1	177508
215:563815:R	17	0	0	0
216:767935:R	11	0	0	0
217:746936:R	14	0	0	0
218:351672:R	31	138	138	1	351672
219:408591:R	12	0	0	0
220:949425:M	25	118	118	0
221:1295370:M	18	0	0	0
222:183554:R	28	132	122	1	183554
223:1167055:R	20	0	0	0
224:804651:R	19	0	0	0
225:362731:R	30	150	148	1	362731
226:832204:R	25	136	136	1	832204
227:567518:M	22	122	110	0
228:369623:R	17	0	0	0
229:1388728:R	19	0	0	0
230:343292:R	14	0	0	0
231:1112603:R	32	130	140	1	1112603
232:972291:M	29	115	115	0
233:1304821:R	31	154	141	1	1304821
234:187741:R	31	144	138	1	187741
235:1053125:R	14	0	0	0
236:215099:R	31	145	144	1	215099
237:324086:R	13	0	0	0
238:282447:R	15	0	0	0
239:882942:R	21	136	127	1	882942
240:402643:R	24	110	110	1	402643
241:1077435:R	26	132	132	1	1077435
242:774300:R	31	130	129	1	774300
243:329071:R	15	0	0	0
244:416908:R	26	133	133	1	416908
245:808788:R	12	0	0	0
246:699469:R	27	129	140	1	699469
247:116731:R	32	167	167	1	116731
248:1066316:R	29	121	124	1	1066316
249:1216412:R	18	0	0	0
250:1283176:R	29	130	141	1	1283176
251:1308196:R	20	0	0	0
252:133130:R	21	130	130	1	133130
253:175118:R	19	0	0	0
254:824321:R	28	136	125	1	824321
255:1358089:M	29	123	123	0
256:552690:R	31	157	157	1	552690
257:809876:R	27	133	143	1	809876
258:198521:R	16	0	0	0
259:751396:R	18	0	0	0
260:941993:R	22	110	110	1	941993
261:343332:M	19	0	0	0
262:136531:R	13	0	0	0
263:1197350:R	20	0	0	0
264:621103:R	31	136	136	1	621103
265:26828:R	32	133	133	1	26828
266:1056376:R	27	129	139	1	1056376
267:221356:R	18	0	0	0
268:719470:R	32	142	135	1	719470
269:672994:R	13	0	0	0
270:856468:R	28	127	127	1	856468
271:517182:M	26	131	131	0
272:12301:R	26	129	129	1	12301
273:987267:R	20	0	0	0
274:260907:R	15	0	0	0
275:792208:R	14	0	0	0
276:407953:R	31	139	139	1	407953
277:122984:M	26	120	120	0
278:547737:R	16	0	0	0
279:152369:R	18	0	0	0
280:807358:M	25	114	114	0
281:431119:R	13	0	0	0
282:525500:M	23	150	150	0
283:1156960:R	15	0	0	0
284:886203:R	23	129	127	1	886203
285:1154209:R	31	153	153	1	1154209
286:161235:R	17	0	0	0
287:931242:R	11	0	0	0
288:185409:R	22	136	125	1	185409
289:243333:R	28	120	108	1	243333
290:1306750:R	23	123	123	1	1306750
291:790013:R	14	0	0	0
292:1257309:R	28	129	111	1	1257309
293:996569:R	32	134	134	1	996569
294:810976:R	17	0	0	0
295:142717:R	11	0	0	0
296:636582:R	13	0	0	0
297:1268356:M	16	0	0	0
298:1065310:R	28	132	130	1	1065310
299:508302:M	11	0	0	0
300:1157472:R	17	0	0	0
301:213550:R	16	0	0	0
302:631010:R	24	132	121	1	631010
303:869341:R	13	0	0	0
304:935006:R	26	144	135	1	935006
305:792083:R	18	0	0	0
306:561450:M	21	113	113	0
307:875374:M	26	128	128	0
308:1395821:R	32	125	135	1	1395821
309:384678:M	20	0	0	0
310:1025257:R	23	130	127	1	1025257
311:1034605:R	13	0	0	0
312:114501:R	15	0	0	0
313:401190:R	12	0	0	0
314:1017989:R	22	125	129	1	1017989
315:449209:R	30	134	134	1	449209
316:1050568:R	18	0	0	0
317:1279302:R	25	133	143	1	1279302
318:1161450:R	18	0	0	0
319:1098492:R	24	138	138	1	1098492
320:1128768:R	30	127	137	1	1128768
321:417139:R	11	0	0	0
322:1186147:R	20	0	0	0
323:572782:R	30	141	132	1	572782
324:453569:R	22	132	118	1	453569
325:1084092:R	16	0	0	0
326:1125621:R	27	132	143	1	1125621
327:36736:R	16	0	0	0
328:1122508:R	31	137	148	1	1122508
329:1222083:R	17	0	0	0
330:1197764:R	30	132	132	1	1197764
331:1306734:R	29	136	138	1	1306734
332:292679:R	16	0	0	0
333:141514:R	30	134	134	1	141514
334:806421:R	27	141	141	1	806421
335:737302:R	14	0	0	0
336:793515:R	20	0	0	0
337:1230432:R	25	129	129	1	1230432
338:633298:R	30	130	130	1	633298
339:602787:R	28	144	144	1	602787
340:1068629:R	22	132	121	1	1068629
341:1183320:R	24	117	117	1	1183320
342:1327822:R	11	0	0	0
343:710920:R	28	90	88	1	710920
344:886114:R	22	129	141	1	886114
345:1227457:R	17	0	0	0
346:1051888:M	12	0	0	0
347:135106:R	23	126	137	1	135106
348:1333047:R	27	134	134	1	1333047
349:1304829:R	19	0	0	0
350:122925:R	30	127	127	1	122925
351:828040:R	12	0	0	0
352:443236:R	29	130	130	1	443236
353:405120:R	30	139	139	1	405120
354:939504:R	29	146	137	1	939504
355:82522:R	23	134	135	1	82522
356:1176273:R	28	133	133	1	1176273
357:1309349:R	19	0	0	0
358:427648:R	11	0	0	0
359:956461:R	20	0	0	0
360:1285939:R	29	136	136	1	1285939
361:684195:R	21	121	110	1	684195
362:1057727:R	25	136	136	1	1057727
363:275715:R	16	0	0	0
364:974043:R	17	0	0	0
365:629336:R	32	126	126	1	629336
366:1317829:R	25	122	122	1	1317829
367:162240:R	20	0	0	0
368:498963:M	23	121	121	0
369:1185078:R	32	138	149	1	1185078
370:1266241:R	30	132	142	1	1266241
371:866995:M	13	0	0	0
372:1242501:R	11	0	0	0
373:776639:M	32	149	140	1	776639
374:692534:R	21	125	125	1	692534
375:1291901:R	16	0	0	0
376:4853:R	22	129	129	1	4853
377:563937:R	28	141	142	1	563937
378:283725:R	14	0	0	0
379:1159416:R	12	0	0	0
380:570190:M	11	0	0	0
381:82212:R	23	124	124	1	82212
382:707458:R	21	150	150	1	707458
383:870305:R	27	126	125	1	870305
384:1027035:R	28	132	114	1	1027035
385:639271:R	32	133	133	1	639271
386:470020:R	21	127	128	1	470020
387:1251199:R	26	121	121	1	1251199
388:802088:R	30	131	145	1	802088
389:203522:R	30	143	143	1	203522
390:329037:M	29	131	131	0
391:944820:R	16	0	0	0
392:218934:R	23	134	128	1	218934
393:436805:R	14	0	0	0
394:682089:R	19	0	0	0
395:185277:R	12	0	0	0
396:487461:R	15	0	0	0
397:561159:R	17	0	0	0
398:339397:R	21	129	129	1	339397
399:1088463:R	14	0	0	0
400:814438:R	11	0	0	0
401:596105:R	29	118	121	1	596105
402:427150:M	22	130	130	0
403:229142:R	31	140	132	1	229142
404:404691:R	14	0	0	0
405:827015:R	22	121	116	1	827015
406:1013013:R	15	0	0	0
407:868930:R	32	149	149	1	868930
408:1081171:M	16	0	0	0
409:1095475:R	31	128	127	1	1095475
410:669772:M	13	0	0	0
411:1388656:R	24	128	130	1	1388656
412:336416:R	23	123	133	1	336416
413:711386:R	26	120	120	1	711386
414:130851:R	18	0	0	0
415:125998:R	12	0	0	0
416:1001573:R	29	119	129	1	1001573
417:1046062:R	30	119	128	1	1046062
418:1169668:R	30	130	127	1	1169668
419:19487:R	30	112	112	1	19487
420:287454:R	24	144	144	1	287454
421:1276648:R	12	0	0	0
422:850956:R	26	135	144	1	850956
423:1080806:R	11	0	0	0
424:1188233:M	30	124	124	0
425:212108:R	11	0	0	0
426:1344597:R	27	134	134	1	1344597
427:1024454:R	20	0	0	0
428:494250:R	18	0	0	0
429:595799:M	22	122	122	1	595799
430:918177:R	28	122	109	1	918177
431:201683:R	30	139	132	1	201683
432:1125578:R	17	0	0	0
433:584469:R	20	0	0	0
434:218676:R	28	121	122	1	218676
435:233192:R	32	131	141	1	233192
436:616094:R	20	0	0	0
437:356876:R	23	141	141	1	356876
438:371425:R	20	0	0	0
439:984521:R	17	0	0	0
440:172943:R	24	118	118	1	172943
441:209448:R	13	0	0	0
442:521114:R	24	152	142	1	521114
443:724422:R	25	135	135	1	724422
444:764698:R	23	111	111	1	764698
445:1386879:R	13	0	0	0
446:1362814:R	29	140	129	1	1362814
447:244426:R	20	0	0	0
448:553709:R	12	0	0	0
449:597154:R	16	0	0	0
450:353344:R	21	126	119	1	353344
451:949695:R	22	133	133	1	949695
452:1188948:R	18	0	0	0
453:241359:M	24	131	131	0
454:674369:R	19	0	0	0
455:375904:M	13	0	0	0
456:684386:M	28	142	142	0
457:1141895:R	31	135	135	1	1141895
458:498593:R	12	0	0	0
459:1060853:R	17	0	0	0
460:880051:R	17	0	0	0
461:666289:R	18	0	0	0
462:439890:M	24	127	127	0
463:462091:R	11	0	0	0
464:1046559:R	24	126	135	1	1046559
465:1002546:R	29	134	134	1	1002546
466:353349:R	11	0	0	0
467:660220:R	17	0	0	0
468:1250398:R	18	0	0	0
469:173832:R	19	0	0	0
470:937507:R	24	126	126	1	937507
471:1352772:R	25	128	140	1	1352772
472:1271678:R	23	134	119	1	1271678
473:575331:R	13	0	0	0
474:51710:R	14	0	0	0
475:1088967:R	16	0	0	0
476:1113421:M	13	0	0	0
477:452007:R	28	144	144	1	452007
478:1359778:R	23	122	122	1	1359778
479:291777:R	15	0	0	0
480:731945:R	13	0	0	0
481:100622:R	20	0	0	0
482:702855:R	25	123	123	1	702855
483:252462:R	31	140	156	1	252462
484:431690:R	16	0	0	0
485:799813:R	15	0	0	0
486:486640:R	20	0	0	0
487:350889:M	20	0	0	0
488:292013:R	11	0	0	0
489:399818:R	24	133	133	1	399818
490:788847:R	24	123	111	1	788847
491:1084431:R	20	0	0	0
492:103139:R	19	0	0	0
493:52594:R	27	132	132	1	52594
494:942341:R	21	123	133	1	942341
495:667290:M	18	0	0	0
496:440182:R	19	0	0	0
497:654735:R	28	130	128	1	654735
498:1290217:M	13	0	0	0
499:874259:R	14	0	0	0
500:176696:R	14	0	0	0
501:708879:R	12	0	0	0
502:772292:R	32	126	126	1	772292
503:581604:R	28	131	129	1	581604
504:1235364:R	17	0	0	0
505:1288717:R	27	138	138	1	1288717
506:930778:R	20	0	0	0
507:1033010:R	18	0	0	0
508:798900:R	12	0	0	0
509:9189:R	29	145	145	1	9189
510:38779:R	17	0	0	0
511:383321:R	25	132	132	1	383321
512:1337487:R	30	140	142	1	1337487
513:1174566:R	22	118	110	1	1174566
514:573127:R	15	0	0	0
515:282838:R	22	138	137	1	282838
516:786979:R	17	0	0	0
517:744001:R	22	133	133	1	744001
518:1367847:M	28	117	117	0
519:573780:R	24	119	130	1	573780
520:293147:M	26	112	112	0
521:32231:R	14	0	0	0
522:425429:R	19	0	0	0
523:589702:M	22	129	129	0
524:114832:R	30	145	156	1	114832
525:1107071:R	14	0	0	0
526:474546:R	23	117	117	1	474546
527:370092:R	16	0	0	0
528:1644:R	22	123	123	1	1644
529:1111455:R	20	0	0	0
530:1378224:R	26	124	124	1	1378224
531:1323564:M	32	117	117	0
532:346535:M	16	0	0	0
533:1114863:R	19	0	0	0
534:361084:R	26	115	125	1	361084
535:136444:R	11	0	0	0
536:1188738:R	31	152	152	1	1188738
537:438305:R	32	130	141	1	438305
538:941682:R	25	123	123	1	941682
539:569146:R	20	0	0	0
540:399422:R	19	0	0	0
541:56444:R	21	128	138	1	56444
542:20322:R	31	119	119	1	20322
543:1060545:R	29	127	137	1	1060545
544:467484:R	27	137	137	1	467484
545:1352583:M	32	149	149	0
546:956683:R	20	0	0	0
547:458976:R	20	0	0	0
548:668726:R	23	124	122	1	668726
549:171984:M	14	0	0	0
550:48603:R	29	131	131	1	48603
551:3750:R	17	0	0	0
552:192675:R	18	0	0	0
553:960208:R	16	0	0	0
554:279044:R	13	0	0	0
555:285857:R	28	136	136	1	285857
556:325591:R	15	0	0	0
557:789652:R	27	133	133	1	789652
558:216101:R	29	138	137	1	216101
559:1298873:R	11	0	0	0
560:1215657:R	17	0	0	0
561:156628:R	27	126	136	1	156628
562:43471:M	11	0	0	0
563:525131:R	30	135	128	1	525131
564:1391890:R	17	0	0	0
565:148473:M	27	139	139	0
566:1247295:R	17	0	0	0
567:770065:R	19	0	0	0
568:1271468:R	20	0	0	0
569:1096467:R	23	129	128	1	1096467
570:655237:R	18	0	0	0
571:593908:R	12	0	0	0
572:730383:R	15	0	0	0
573:482223:R	13	0	0	0
574:486382:R	22	104	104	1	486382
575:1170613:R	29	121	121	1	1170613
576:172436:R	11	0	0	0
577:1024841:R	30	106	106	1	1024841
578:1363460:R	27	121	131	1	1363460
579:1357408:R	11	0	0	0
580:866540:R	24	127	127	1	866540
581:1340980:R	29	139	139	1	1340980
582:214901:R	12	0	0	0
583:1315674:R	30	113	112	1	1315674
584:67780:R	12	0	0	0
585:854848:R	11	0	0	0
586:593892:R	11	0	0	0
587:52801:M	30	123	116	0
588:565415:M	14	0	0	0
589:837814:R	16	0	0	0
590:285:R	30	138	129	1	285
591:217145:R	23	132	128	1	217145
592:23537:R	13	0	0	0
593:148330:M	19	0	0	0
594:682345:R	21	121	122	1	682345
595:920978:M	19	0	0	0
596:122868:R	30	140	152	1	122868
597:831230:R	18	0	0	0
598:343641:R	22	126	124	1	343641
599:649033:R	13	0	0	0
600:947791:R	18	0	0	0
601:39027:R	22	119	114	1	39027
602:813917:R	14	0	0	0
603:303370:R	24	98	91	1	303370
604:327120:R	24	136	136	1	327120
605:316197:R	16	0	0	0
606:228408:R	12	0	0	0
607:1284827:R	29	137	133	1	1284827
608:1259002:M	28	117	117	0
609:629705:R	22	126	139	1	629705
610:1291685:R	16	0	0	0
611:978156:R	27	115	115	1	978156
612:1371011:R	27	141	151	1	1371011
613:382560:R	12	0	0	0
614:1299699:R	13	0	0	0
615:138822:R	29	137	122	1	138822
616:223273:R	21	121	121	1	223273
617:307527:R	22	117	106	1	307527
618:1120625:R	25	131	131	1	1120625
619:1081438:R	24	137	137	1	1081438
620:119433:R	15	0	0	0
621:330093:R	30	148	161	1	330093
622:715565:R	13	0	0	0
623:980257:R	21	112	112	1	980257
624:41281:R	29	123	126	1	41281
625:608016:R	14	0	0	0
626:985456:R	20	0	0	0
627:271074:R	23	141	152	1	271074
628:857484:R	13	0	0	0
629:652323:R	31	138	130	1	652323
630:442524:R	26	126	126	1	442524
631:748308:R	13	0	0	0
632:762172:R	25	130	119	1	762172
633:372001:R	21	121	121	1	372001
634:183041:R	28	145	145	1	183041
635:129615:R	13	0	0	0
636:872952:R	20	0	0	0
637:634737:R	21	120	120	1	634737
638:1363660:R	18	0	0	0
639:1139980:R	15	0	0	0
640:1108363:R	14	0	0	0
641:1221929:M	22	121	132	0
642:99940:R	29	123	122	1	99940
643:936573:R	32	139	131	1	936573
644:321203:R	29	130	120	1	321203
645:249775:R	18	0	0	0
646:918628:R	32	136	147	1	918628
647:225510:R	19	0	0	0
648:167206:R	13	0	0	0
649:236690:R	26	117	118	1	236690
650:74746:R	26	119	129	1	74746
651:1253538:R	30	127	125	1	1253538
652:119144:R	13	0	0	0
653:486747:R	12	0	0	0
654:1320008:R	22	122	134	1	1320008
655:816627:R	29	130	130	1	816627
656:901547:R	20	0	0	0
657:785966:R	27	138	138	1	785966
658:710864:M	31	130	130	0
659:934495:R	14	0	0	0
660:1348614:R	24	136	128	1	1348614
661:938638:R	13	0	0	0
662:615837:M	21	131	131	0
663:1081755:R	28	144	144	1	1081755
664:1179305:R	24	126	138	1	1179305
665:299400:M	26	121	121	0
666:1220425:R	22	128	116	1	1220425
667:838435:R	14	0	0	0
668:478871:R	27	143	154	1	478871
669:45908:R	15	0	0	0
670:150067:R	22	118	128	1	150067
671:1107940:R	16	0	0	0
672:360720:R	22	131	131	1	360720
673:1241368:R	13	0	0	0
674:415066:R	18	0	0	0
675:934204:R	27	142	142	1	934204
676:277677:M	27	115	115	0
677:653168:R	14	0	0	0
678:298543:R	13	0	0	0
679:1034969:R	21	134	134	1	1034969
680:402101:R	14	0	0	0
681:320485:M	20	0	0	0
682:441953:R	22	127	117	1	441953
683:7424:R	25	135	135	1	7424
684:1345330:R	21	129	139	1	1345330
685:669161:R	32	132	114	1	669161
686:1266880:R	30	122	135	1	1266880
687:493488:M	17	0	0	0
688:300007:R	28	133	134	1	300007
689:298080:R	15	0	0	0
690:1131487:R	30	126	136	1	1131487
691:741378:R	11	0	0	0
692:337855:R	32	136	136	1	337855
693:632692:R	17	0	0	0
694:35198:R	26	129	138	1	35198
695:60724:M	25	112	112	0
696:1022787:R	17	0	0	0
697:1148908:R	14	0	0	0
698:118037:R	32	135	135	1	118037
699:716925:M	23	117	117	0
700:461171:R	18	0	0	0
701:126333:R	28	153	153	1	126333
702:560980:R	15	0	0	0
703:1003530:M	21	132	132	0
704:1317106:R	24	112	122	1	1317106
705:1174116:R	16	0	0	0
706:92919:R	32	153	142	1	92919
707:28420:R	17	0	0	0
708:867451:R	23	131	120	1	867451
709:258697:R	17	0	0	0
710:1094315:R	14	0	0	0
711:124772:R	14	0	0	0
712:1324494:R	18	0	0	0
713:151332:R	21	130	131	1	151332
714:1086299:R	17	0	0	0
715:1152864:R	25	128	129	1	1152864
716:473475:R	12	0	0	0
717:1020624:M	14	0	0	0
718:678185:R	28	128	140	1	678185
719:344717:R	28	129	139	1	344717
720:1338234:R	26	125	125	1	1338234
721:228728:R	11	0	0	0
722:1321271:R	25	144	136	1	1321271
723:1052795:R	20	0	0	0
724:1227405:R	20	0	0	0
725:83237:R	24	133	133	1	83237
726:1005291:R	25	135	126	1	1005291
727:708048:R	23	128	140	1	708048
728:605248:R	29	126	136	1	605248
729:1073977:M	32	123	123	0
730:1050582:M	18	0	0	0
731:670455:R	16	0	0	0
732:921057:R	15	0	0	0
733:907100:R	13	0	0	0
734:1110517:R	26	121	131	1	1110517
735:879664:R	30	124	124	1	879664
736:172375:M	16	0	0	0
737:708838:R	27	134	125	1	708838
738:943696:R	17	0	0	0
739:1023580:R	30	135	135	1	1023580
740:1299063:R	23	117	117	1	1299063
741:1295704:R	20	0	0	0
742:334688:R	29	151	164	1	334688
743:917770:M	16	0	0	0
744:247213:R	13	0	0	0
745:1130306:M	23	130	130	0
746:1129591:R	20	0	0	0
747:981627:M	20	0	0	0
748:847197:R	32	132	120	1	847197
749:296013:R	32	144	135	1	296013
750:1147689:R	16	0	0	0
751:1393439:M	31	126	126	0
752:611155:R	22	139	139	1	611155
753:877211:R	26	133	126	1	877211
754:92676:R	22	142	142	1	92676
755:1380048:R	31	128	121	1	1380048
756:52304:R	12	0	0	0
757:1367936:R	11	0	0	0
758:338840:R	14	0	0	0
759:1276954:R	16	0	0	0
760:170881:R	25	120	130	1	170881
761:569527:R	13	0	0	0
762:581678:M	12	0	0	0
763:845978:R	22	108	118	1	845978
764:329500:R	25	123	123	1	329500
765:37913:R	12	0	0	0
766:1019811:R	26	128	129	1	1019811
767:1293396:R	25	135	135	1	1293396
768:764248:R	22	117	128	1	764248
769:637145:R	26	139	129	1	637145
770:293205:R	15	0	0	0
771:469175:M	12	0	0	0
772:130230:M	18	0	0	0
773:1288067:R	30	131	131	1	1288067
774:1118786:R	27	118	129	1	1118786
775:822482:R	21	128	140	1	822482
776:782622:R	28	118	118	1	782622
777:131466:M	23	128	128	0
778:1225146:R	17	0	0	0
779:1373676:R	27	132	143	1	1373676
780:583804:R	23	122	121	1	583804
781:102816:R	11	0	0	0
782:339000:R	24	126	126	1	339000
783:90833:R	32	134	134	1	90833
784:531870:R	31	131	141	1	531870
785:94473:R	14	0	0	0
786:1085011:R	11	0	0	0
787:791140:R	31	109	118	1	791140
788:1073777:R	16	0	0	0
789:89826:R	13	0	0	0
790:231393:R	18	0	0	0
791:388910:M	30	127	127	0
792:806700:M	11	0	0	0
793:1387921:R	17	0	0	0
794:302134:R	12	0	0	0
795:688433:R	32	155	155	1	688433
796:472100:R	11	0	0	0
797:555212:R	21	127	140	1	555212
798:588898:R	22	121	122	1	588898
799:29281:R	11	0	0	0
800:295022:R	30	122	122	1	295022
801:268159:M	32	135	135	0
802:613650:R	11	0	0	0
803:161555:R	32	134	134	1	161555
804:260933:R	30	132	132	1	260933
805:862665:R	11	0	0	0
806:89702:R	19	0	0	0
807:317269:R	24	124	141	1	317269
808:615050:R	12	0	0	0
809:533364:R	22	118	118	1	533364
810:1076938:R	31	157	148	1	1076938
811:957178:R	12	0	0	0
812:1061608:R	25	134	146	1	1061608
813:1101308:R	14	0	0	0
814:1047098:R	24	114	114	1	1047098
815:25501:R	29	138	131	1	25501
816:523089:M	20	0	0	0
817:254990:R	16	0	0	0
818:883583:R	11	0	0	0
819:667015:R	15	0	0	0
820:988209:R	21	117	117	1	988209
821:970059:R	25	97	97	1	970059
822:141166:R	17	0	0	0
823:177238:M	15	0	0	0
824:621526:R	31	124	126	1	621526
825:1141279:R	13	0	0	0
826:1294611:R	17	0	0	0
827:795541:R	12	0	0	0
828:1058139:R	19	0	0	0
829:455795:R	28	138	150	1	455795
830:917611:R	26	170	152	1	917611
831:13418:R	27	140	140	1	13418
832:426460:R	17	0	0	0
833:1175195:R	28	144	133	1	1175195
834:887894:R	26	135	145	1	887894
835:97717:R	17	0	0	0
836:113968:R	16	0	0	0
837:571489:R	29	138	122	1	571489
838:183569:R	11	0	0	0
839:61801:R	29	131	143	1	61801
840:179689:R	27	134	135	1	179689
841:578697:R	12	0	0	0
842:1125797:R	25	123	109	1	1125797
843:886306:M	18	0	0	0
844:344283:R	15	0	0	0
845:1238240:R	29	140	140	1	1238240
846:207981:R	30	137	149	1	207981
847:134305:M	16	0	0	0
848:154263:R	12	0	0	0
849:813800:R	24	110	119	1	813800
850:1148079:R	14	0	0	0
851:1253903:M	15	0	0	0
852:727699:R	26	130	140	1	727699
853:700889:R	32	141	141	1	700889
854:1372720:R	28	115	126	1	1372720
855:887866:R	32	157	157	1	887866
856:574277:R	20	0	0	0
857:210769:R	13	0	0	0
858:240045:R	21	120	131	1	240045
859:612923:R	30	147	142	1	612923
860:536254:M	13	0	0	0
861:390345:R	19	0	0	0
862:750224:R	30	140	143	1	750224
863:1367833:R	15	0	0	0
864:966332:R	11	0	0	0
865:695153:R	15	0	0	0
866:522361:R	29	129	128	1	522361
867:1297091:R	13	0	0	0
868:44825:M	19	0	0	0
869:1139041:R	28	145	129	1	1139041
870:1011538:R	12	0	0	0
871:464345:R	14	0	0	0
872:1095432:R	23	126	127	1	1095432
873:976562:R	30	133	143	1	976562
874:530346:R	25	112	114	1	530346
875:1123838:R	28	136	146	1	1123838
876:357815:R	16	0	0	0
877:883990:R	20	0	0	0
878:1259500:R	13	0	0	0
879:63004:R	16	0	0	0
880:781953:R	21	131	123	1	781953
881:1347861:R	27	151	136	1	1347861
882:1361027:R	21	129	128	1	1361027
883:505626:R	20	0	0	0
884:194932:R	17	0	0	0
885:556843:R	14	0	0	0
886:1312217:R	16	0	0	0
887:171986:R	20	0	0	0
888:1316859:R	19	0	0	0
889:187397:R	12	0	0	0
890:207378:R	32	125	117	1	207378
891:175163:R	27	140	140	1	175163
892:792181:R	17	0	0	0
893:460785:R	12	0	0	0
894:634917:R	24	127	121	1	634917
895:628517:R	16	0	0	0
896:107339:R	14	0	0	0
897:604664:M	12	0	0	0
898:1189838:R	24	126	137	1	1189838
899:1043624:M	24	112	112	0
900:1313609:R	11	0	0	0
901:181172:R	26	144	134	1	181172
902:1059666:R	15	0	0	0
903:182458:R	13	0	0	0
904:164808:R	15	0	0	0
905:357107:R	19	0	0	0
906:705673:R	21	130	118	1	705673
907:355765:R	11	0	0	0
908:164655:R	26	142	142	1	164655
909:706557:R	29	128	140	1	706557
910:956751:R	16	0	0	0
911:863563:R	22	141	153	1	863563
912:682793:R	23	142	130	1	682793
913:351031:R	17	0	0	0
914:871643:R	20	0	0	0
915:1044351:R	22	113	117	1	1044351
916:200513:R	27	128	121	1	200513
917:658622:M	13	0	0	0
918:1084091:R	19	0	0	0
919:342860:R	24	126	127	1	342860
920:112174:R	27	138	138	1	112174
921:197598:R	13	0	0	0
922:1212483:R	17	0	0	0
923:461683:R	27	140	130	1	461683
924:872614:R	22	119	119	1	872614
925:965190:R	28	123	121	1	965190
926:203687:M	26	120	120	0
927:330312:R	25	134	134	1	330312
928:575633:R	13	0	0	0
929:79854:R	20	0	0	0
930:1127926:R	17	0	0	0
931:32619:M	23	115	115	0
932:365464:M	13	0	0	0
933:705747:R	32	134	134	1	705747
934:544527:R	22	132	126	1	544527
935:1054332:M	30	129	129	0
936:1095755:R	29	132	118	1	1095755
937:2059:R	25	141	141	1	2059
938:1166541:R	17	0	0	0
939:221587:R	30	142	142	1	221587
940:132627:M	30	142	142	0
941:716609:R	15	0	0	0
942:1241882:R	30	124	136	1	1241882
943:466710:R	29	129	141	1	466710
944:453805:R	19	0	0	0
945:184770:R	16	0	0	0
946:217169:R	27	122	134	1	217169
947:690979:M	17	0	0	0
948:345474:R	13	0	0	0
949:200482:M	23	93	93	0
950:575834:R	25	131	130	1	575834
951:910153:R	29	146	136	1	910153
952:702010:R	29	123	111	1	702010
953:1216973:R	31	124	124	1	1216973
954:359202:R	18	0	0	0
955:1204829:R	16	0	0	0
956:342143:R	23	139	139	1	342143
957:103565:R	31	137	129	1	103565
958:1362373:R	23	123	134	1	1362373
959:122283:R	13	0	0	0
960:469937:R	19	0	0	0
961:931134:R	28	124	124	1	931134
962:1112175:R	24	138	138	1	1112175
963:65656:R	31	147	147	1	65656
964:696663:R	29	129	129	1	696663
965:742175:R	31	146	131	1	742175
966:1283227:R	21	123	123	1	1283227
967:329020:R	26	138	128	1	329020
968:87402:R	18	0	0	0
969:1375349:R	28	124	124	1	1375349
970:1193962:R	23	134	146	1	1193962
971:495487:R	31	134	122	1	495487
972:343423:R	11	0	0	0
973:390853:R	13	0	0	0
974:222833:R	21	126	139	1	222833
975:1236741:R	23	142	130	1	1236741
976:74626:R	28	140	125	1	74626
977:512508:R	19	0	0	0
978:858255:M	23	114	114	0
979:897422:R	31	147	138	1	897422
980:837842:R	25	134	134	1	837842
981:230163:R	28	156	156	1	230163
982:1381969:R	32	151	151	1	1381969
983:349298:R	25	134	123	1	349298
984:693024:R	23	116	116	1	693024
985:1132980:R	26	123	133	1	1132980
986:747782:R	15	0	0	0
987:973711:R	17	0	0	0
988:333076:R	30	133	133	1	333076
989:619012:M	13	0	0	0
990:1010113:R	14	0	0	0
991:236138:R	18	0	0	0
992:750054:R	25	143	133	1	750054
993:726737:R	24	137	137	1	726737
994:590504:R	30	113	127	1	590504
995:866827:R	13	0	0	0
996:455230:R	11	0	0	0
997:544905:R	19	0	0	0
998:194789:R	13	0	0	0
999:135064:R	16	0	0	0
1000:298354:R	14	0	0	0
1001:84305:R	11	0	0	0
1002:590606:R	24	122	114	1	590606
1003:950922:R	31	111	112	1	950922
1004:487207:R	11	0	0	0
1005:298604:R	32	137	148	1	298604
1006:639259:R	17	0	0	0
1007:258968:R	25	120	132	1	258968
1008:924573:R	21	121	121	1	924573
1009:1061427:M	30	140	140	0
1010:685093:R	30	129	128	1	685093
1011:1354403:R	18	0	0	0
1012:481279:R	29	143	143	1	481279
1013:1101634:R	21	115	115	1	1101634
1014:192194:R	13	0	0	0
1015:343123:R	26	129	139	1	343123
1016:721315:R	25	136	148	1	721315
1017:614276:R	24	116	126	1	614276
1018:203227:R	17	0	0	0
1019:1168696:R	15	0	0	0
1020:554756:R	22	116	126	1	554756
1021:362754:R	31	119	119	1	362754
1022:1122836:R	23	137	137	1	1122836
1023:47787:R	14	0	0	0
1024:841619:M	15	0	0	0
1025:76149:R	25	136	136	1	76149
1026:1089962:R	20	0	0	0
1027:878379:M	20	0	0	0
1028:37968:R	26	135	135	1	37968
1029:431353:R	12	0	0	0
1030:540488:R	16	0	0	0
1031:1065726:R	18	0	0	0
1032:862619:R	30	164	154	1	862619
1033:926897:R	11	0	0	0
1034:707235:R	25	131	131	1	707235
1035:638692:R	11	0	0	0
1036:150236:R	27	130	140	1	150236
1037:55549:R	24	125	124	1	55549
1038:693683:R	19	0	0	0
1039:61104:R	32	151	141	1	61104
1040:777884:R	25	124	135	1	777884
1041:832853:R	18	0	0	0
1042:224391:R	16	0	0	0
1043:555061:R	18	0	0	0
1044:402878:M	14	0	0	0
1045:1209050:R	25	125	125	1	1209050
1046:1299583:R	24	126	136	1	1299583
1047:398774:R	12	0	0	0
1048:725286:R	27	129	129	1	725286
1049:478059:R	17	0	0	0
1050:161792:R	11	0	0	0
1051:890276:R	14	0	0	0
1052:803443:R	28	137	127	1	803443
1053:621054:R	12	0	0	0
1054:1185927:M	25	126	126	0
1055:1230957:R	20	0	0	0
1056:844992:M	32	102	102	0
1057:246738:R	22	137	137	1	246738
1058:1370308:R	17	0	0	0
1059:947980:R	12	0	0	0
1060:423119:R	18	0	0	0
1061:1055780:R	30	118	115	1	1055780
1062:684128:R	19	0	0	0
1063:884556:R	31	122	135	1	884556
1064:1257157:R	19	0	0	0
1065:1099257:R	24	130	141	1	1099257
1066:513058:R	22	114	114	1	513058
1067:288086:M	11	0	0	0
1068:263872:R	29	125	119	1	263872
1069:514676:R	19	0	0	0
1070:669748:R	11	0	0	0
1071:410518:M	30	110	110	0
1072:1113908:R	18	0	0	0
1073:538850:R	26	121	120	1	538850
1074:354939:R	31	142	136	1	354939
1075:531138:R	20	0	0	0
1076:662538:M	31	144	144	0
1077:558600:R	15	0	0	0
1078:443183:R	14	0	0	0
1079:1058741:R	19	0	0	0
1080:1209512:R	23	126	135	1	1209512
1081:981269:R	31	113	113	1	981269
1082:616141:R	19	0	0	0
1083:1297374:R	16	0	0	0
1084:775399:R	12	0	0	0
1085:106447:R	16	0	0	0
1086:1186830:R	30	120	120	1	1186830
1087:109292:R	19	0	0	0
1088:476129:R	28	124	124	1	476129
1089:762001:R	17	0	0	0
1090:213553:R	18	0	0	0
1091:386359:R	19	0	0	0
1092:892353:R	14	0	0	0
1093:282482:R	21	137	137	1	282482
1094:436496:R	14	0	0	0
1095:635345:R	32	141	130	1	635345
1096:1286736:R	19	0	0	0
1097:963724:R	21	119	110	1	963724
1098:10817:R	13	0	0	0
1099:1198925:R	11	0	0	0
1100:155873:R	27	144	135	1	155873
1101:233802:R	19	0	0	0
1102:288144:R	23	108	104	1	288144
1103:454581:R	16	0	0	0
1104:1007022:R	32	141	151	1	1007022
1105:1320174:M	27	118	118	0
1106:587209:R	28	128	124	1	587209
1107:592987:R	21	132	132	1	592987
1108:1370475:M	14	0	0	0
1109:1389996:R	17	0	0	0
1110:1239187:R	19	0	0	0
1111:350414:R	32	140	131	1	350414
1112:143762:R	14	0	0	0
1113:106781:R	13	0	0	0
1114:629391:R	22	112	121	1	629391
1115:12804:R	21	135	135	1	12804
1116:50838:R	31	144	144	1	50838
1117:1367628:R	30	131	131	1	1367628
1118:266389:R	14	0	0	0
1119:1296338:R	13	0	0	0
1120:1104089:R	20	0	0	0
1121:1385690:R	25	136	137	1	1385690
1122:1354855:R	31	109	109	1	1354855
1123:876676:M	21	109	109	0
1124:1105034:R	30	133	133	1	1105034
1125:673755:R	27	147	147	1	673755
1126:313390:R	19	0	0	0
1127:517902:R	18	0	0	0
1128:701162:R	21	110	112	1	701162
1129:646550:M	11	0	0	0
1130:559310:R	14	0	0	0
1131:994447:R	12	0	0	0
1132:221208:R	12	0	0	0
1133:1398152:R	15	0	0	0
1134:63815:M	22	105	105	0
1135:815094:R	27	120	139	3	815139	815229	815094
1136:963200:R	28	134	125	1	963200
1137:104959:R	17	0	0	0
1138:1188587:R	31	130	124	1	1188587
1139:989253:R	23	138	128	1	989253
1140:874892:R	32	137	137	1	874892
1141:1320551:R	23	125	125	1	1320551
1142:695912:R	11	0	0	0
1143:870906:R	12	0	0	0
1144:935852:R	14	0	0	0
1145:154921:R	20	0	0	0
1146:511614:R	13	0	0	0
1147:190551:M	13	0	0	0
1148:757259:R	17	0	0	0
1149:606145:R	13	0	0	0
1150:819481:R	28	145	151	3	819791	819636	819481
1151:280299:R	12	0	0	0
1152:148576:R	20	0	0	0
1153:684953:R	28	129	129	1	684953
1154:190464:R	32	129	128	1	190464
1155:1144494:R	32	137	147	1	1144494
1156:1232793:R	32	146	146	1	1232793
1157:379129:R	17	0	0	0
1158:1038165:R	16	0	0	0
1159:904281:R	22	140	140	1	904281
1160:1098711:R	29	149	149	1	1098711
1161:659808:R	27	138	139	1	659808
1162:863433:R	12	0	0	0
1163:100153:R	26	118	117	1	100153
1164:117117:R	21	127	138	1	117117
1165:846963:R	18	0	0	0
1166:1186915:R	27	127	137	1	1186915
1167:63593:R	27	117	126	1	63593
1168:349558:R	24	131	131	1	349558
1169:1063545:R	13	0	0	0
1170:1360506:R	32	124	117	1	1360506
1171:722445:R	28	134	134	1	722445
1172:1009710:R	13	0	0	0
1173:250680:R	15	0	0	0
1174:781289:R	16	0	0	0
1175:106679:R	31	131	132	1	106679
1176:592330:R	28	123	134	1	592330
1177:833653:R	20	0	0	0
1178:526301:R	25	129	129	1	526301
1179:633286:M	21	123	123	0
1180:250670:R	30	125	125	1	250670
1181:965710:R	11	0	0	0
1182:291615:M	22	125	125	0
1183:757480:R	22	116	126	1	757480
1184:605688:R	14	0	0	0
1185:679206:R	18	0	0	0
1186:747641:R	13	0	0	0
1187:575904:M	14	0	0	0
1188:278398:R	17	0	0	0
1189:51623:R	14	0	0	0
1190:162094:R	19	0	0	0
1191:526026:R	18	0	0	0
1192:1063392:R	14	0	0	0
1193:1103112:R	31	131	130	1	1103112
1194:336268:R	23	106	117	1	336268
1195:81631:R	13	0	0	0
1196:449:M	28	119	119	0
1197:186226:R	16	0	0	0
1198:1032455:R	24	127	128	1	1032455
1199:1276424:M	12	0	0	0
1200:825377:R	29	122	132	1	825377
1201:817988:R	21	132	132	1	817988
1202:754957:R	28	150	144	1	754957
1203:299734:R	11	0	0	0
1204:1017699:R	24	130	130	1	1017699
1205:1142528:R	22	134	134	1	1142528
1206:403403:R	30	153	153	1	403403
1207:865386:R	24	129	129	1	865386
1208:761331:M	15	0	0	0
1209:130905:R	30	151	151	1	130905
1210:905939:R	27	129	113	1	905939
1211:11853:R	13	0	0	0
1212:596146:M	14	0	0	0
1213:11735:M	29	111	111	0
1214:722919:R	18	0	0	0
1215:756437:R	26	146	146	1	756437
1216:28837:R	27	137	147	1	28837
1217:205699:R	31	141	141	1	205699
1218:634635:R	12	0	0	0
1219:416626:R	29	129	129	1	416626
1220:766590:R	30	135	145	1	766590
1221:1336893:R	17	0	0	0
1222:285601:R	17	0	0	0
1223:123684:R	27	135	147	1	123684
1224:290988:R	22	126	126	1	290988
1225:1182200:R	31	139	139	1	1182200
1226:349782:R	21	125	108	1	349782
1227:164038:R	23	117	128	1	164038
1228:537062:R	15	0	0	0
1229:914533:R	15	0	0	0
1230:883598:R	32	138	138	1	883598
1231:564171:R	25	130	139	1	564171
1232:1099362:R	14	0	0	0
1233:548202:R	15	0	0	0
1234:547971:R	31	136	136	1	547971
1235:326055:R	26	126	136	1	326055
1236:362987:M	18	0	0	0
1237:1250181:R	16	0	0	0
1238:655982:R	30	144	144	1	655982
1239:159049:M	16	0	0	0
1240:1070317:M	12	0	0	0
1241:1338903:R	21	138	130	1	1338903
1242:884975:R	24	126	126	1	884975
1243:1094235:R	23	137	137	1	1094235
1244:1124731:R	20	0	0	0
1245:257585:R	19	0	0	0
1246:726531:M	19	0	0	0
1247:927347:R	13	0	0	0
1248:979524:R	30	107	116	1	979524
1249:955581:R	23	133	121	1	955581
1250:981490:R	20	0	0	0
1251:264541:R	19	0	0	0
1252:372715:R	16	0	0	0
1253:447930:R	32	139	139	1	447930
1254:1146345:R	24	131	142	1	1146345
1255:401848:R	16	0	0	0
1256:232401:R	25	129	139	1	232401
1257:1189269:R	20	0	0	0
1258:1192631:R	22	110	99	1	1192631
1259:149069:R	18	0	0	0
1260:311670:R	20	0	0	0
1261:261860:R	26	115	116	1	261860
1262:1124510:R	22	128	138	1	1124510
1263:360209:R	31	141	141	1	360209
1264:676666:R	20	0	0	0
1265:1327825:R	16	0	0	0
1266:240741:R	20	0	0	0
1267:1118967:R	32	143	143	1	1118967
1268:1290133:R	17	0	0	0
1269:1123117:R	20	0	0	0
1270:239338:R	19	0	0	0
1271:561520:M	30	118	118	0
1272:953756:R	17	0	0	0
1273:532809:R	26	153	153	1	532809
1274:72055:M	19	0	0	0
1275:382978:R	25	130	142	1	382978
1276:300773:R	26	125	125	1	300773
1277:950879:R	31	136	130	1	950879
1278:1399017:R	30	146	146	1	1399017
1279:191517:R	32	144	126	1	191517
1280:1081901:R	16	0	0	0
1281:964148:R	29	134	134	1	964148
1282:363528:R	15	0	0	0
1283:1288924:R	22	130	131	1	1288924
1284:1172881:R	22	128	128	1	1172881
1285:809224:R	12	0	0	0
1286:922069:M	11	0	0	0
1287:1253357:R	18	0	0	0
1288:1138243:R	16	0	0	0
1289:885357:R	12	0	0	0
1290:1215003:R	20	0	0	0
1291:214204:R	26	137	131	1	214204
1292:209846:R	20	0	0	0
1293:546911:R	19	0	0	0
1294:541227:R	27	149	137	1	541227
1295:55344:R	30	128	123	1	55344
1296:684398:R	19	0	0	0
1297:827151:R	25	122	118	1	827151
1298:5344:R	11	0	0	0
1299:678991:R	15	0	0	0
1300:1369572:R	21	119	119	1	1369572
1301:643459:R	22	136	146	1	643459
1302:601596:R	12	0	0	0
1303:351002:R	29	133	143	1	351002
1304:70883:R	27	122	121	1	70883
1305:169447:R	28	122	122	1	169447
1306:104946:R	24	140	125	1	104946
1307:97103:R	16	0	0	0
1308:502763:R	31	149	149	1	502763
1309:340370:M	25	143	136	0
1310:135853:R	19	0	0	0
1311:713241:R	28	128	128	1	713241
1312:819272:R	17	0	0	0
1313:1258291:R	17	0	0	0
1314:43199:R	28	154	154	1	43199
1315:64782:R	13	0	0	0
1316:964356:R	21	142	133	1	964356
1317:103726:R	12	0	0	0
1318:370816:M	29	120	120	0
1319:1062675:M	11	0	0	0
1320:198407:R	32	152	152	1	198407
1321:740687:M	11	0	0	0
1322:687886:R	21	150	150	1	687886
1323:38837:R	30	131	140	1	38837
1324:192182:R	28	131	130	1	192182
1325:292826:R	25	133	133	1	292826
1326:1033999:R	12	0	0	0
1327:594865:R	29	142	141	1	594865
1328:956529:R	30	107	119	1	956529
1329:619700:R	26	131	122	1	619700
1330:920174:R	30	143	154	1	920174
1331:81992:M	32	125	125	0
1332:403433:R	13	0	0	0
1333:456833:M	13	0	0	0
1334:219269:R	12	0	0	0
1335:1039336:R	16	0	0	0
1336:908017:R	31	137	137	1	908017
1337:1189710:R	26	132	132	1	1189710
1338:385241:R	15	0	0	0
1339:494656:R	17	0	0	0
1340:838186:R	27	131	132	1	838186
1341:282292:R	15	0	0	0
1342:304647:R	22	127	127	1	304647
1343:1262902:R	25	132	145	1	1262902
1344:599644:R	29	139	130	1	599644
1345:819116:R	12	0	0	0
1346:1391169:M	19	0	0	0
1347:127338:R	28	160	149	1	127338
1348:553761:R	18	0	0	0
1349:114186:M	25	111	111	0
1350:27810:R	17	0	0	0
1351:468218:R	16	0	0	0
1352:1089672:M	15	0	0	0
1353:107883:R	20	0	0	0
1354:669517:R	19	0	0	0
1355:295060:R	25	118	118	1	295060
1356:635653:M	20	0	0	0
1357:1117748:R	15	0	0	0
1358:211827:R	22	139	139	1	211827
1359:614328:R	11	0	0	0
1360:935359:R	18	0	0	0
1361:1385701:R	18	0	0	0
1362:882088:R	29	139	137	1	882088
1363:448447:M	31	148	148	0
1364:379291:R	13	0	0	0
1365:146450:R	30	117	128	1	146450
1366:39437:R	18	0	0	0
1367:704467:R	23	134	134	1	704467
1368:701272:R	20	0	0	0
1369:132248:R	16	0	0	0
1370:147843:R	13	0	0	0
1371:493984:R	11	0	0	0
1372:871905:M	18	0	0	0
1373:313244:R	14	0	0	0
1374:526874:R	29	147	147	1	526874
1375:295346:R	24	124	121	1	295346
1376:377530:R	23	128	120	1	377530
1377:1347518:R	12	0	0	0
1378:1096377:R	23	123	123	1	1096377
1379:1135822:R	13	0	0	0
1380:351711:R	17	0	0	0
1381:785810:R	23	132	143	1	785810
1382:873814:R	12	0	0	0
1383:1192573:M	20	0	0	0
1384:1321869:R	24	109	120	1	1321869
1385:804261:R	19	0	0	0
1386:370545:R	19	0	0	0
1387:1100928:R	32	134	134	1	1100928
1388:544283:R	25	142	125	1	544283
1389:684751:R	24	140	140	1	684751
1390:608181:R	32	125	128	1	608181
1391:721519:R	24	123	135	1	721519
1392:1349762:R	29	118	109	1	1349762
1393:982761:R	26	145	145	1	982761
1394:397237:R	27	118	128	1	397237
1395:1273955:R	32	128	120	1	1273955
1396:474281:R	30	151	151	1	474281
1397:126466:R	13	0	0	0
1398:197145:R	29	144	144	1	197145
1399:1250553:M	20	0	0	0
1400:916520:R	32	150	150	1	916520
1401:1205495:R	12	0	0	0
1402:219276:R	22	105	114	1	219276
1403:828895:R	30	125	118	1	828895
1404:249962:R	17	0	0	0
1405:1086493:R	26	124	124	1	1086493
1406:736739:R	29	150	150	1	736739
1407:458707:R	24	122	111	1	458707
1408:283882:R	29	133	133	1	283882
1409:191175:R	14	0	0	0
1410:342237:R	18	0	0	0
1411:1350386:R	24	131	131	1	1350386
1412:1323905:R	21	132	132	1	1323905
1413:900986:R	20	0	0	0
1414:1139996:R	12	0	0	0
1415:1149481:R	20	0	0	0
1416:577416:R	11	0	0	0
1417:143313:M	29	129	129	0
1418:682414:R	28	128	128	1	682414
1419:1010547:M	30	105	105	0
1420:1361218:M	13	0	0	0
1421:658105:R	27	136	136	1	658105
1422:76421:R	19	0	0	0
1423:1153908:R	21	107	107	1	1153908
1424:1019714:R	23	127	116	1	1019714
1425:1398220:R	11	0	0	0
1426:1070151:R	19	0	0	0
1427:888302:R	21	131	141	1	888302
1428:862975:M	24	132	132	0
1429:881125:R	14	0	0	0
1430:473248:R	22	129	139	1	473248
1431:314612:R	16	0	0	0
1432:1163905:R	15	0	0	0
1433:1368537:R	27	122	133	1	1368537
1434:802443:R	19	0	0	0
1435:685246:R	31	134	147	1	685246
1436:1025910:R	15	0	0	0
1437:852836:R	23	153	144	1	852836
1438:1233961:R	18	0	0	0
1439:560762:R	29	148	137	1	560762
1440:107247:R	25	124	124	1	107247
1441:183459:M	24	110	110	0
1442:1162087:R	31	132	132	1	1162087
1443:6511:R	31	143	153	1	6511
1444:948526:R	29	140	128	1	948526
1445:1278119:R	16	0	0	0
1446:1113028:R	21	142	142	1	1113028
1447:998410:R	16	0	0	0
1448:385120:R	19	0	0	0
1449:931261:R	25	117	117	1	931261
1450:1234273:R	18	0	0	0
1451:1155066:R	27	141	127	1	1155066
1452:492046:R	21	124	135	1	492046
1453:958506:R	24	129	129	1	958506
1454:1189689:R	13	0	0	0
1455:701669:R	12	0	0	0
1456:942861:R	18	0	0	0
1457:79312:R	11	0	0	0
1458:728081:R	24	129	143	1	728081
1459:609623:R	15	0	0	0
1460:167544:R	27	105	117	1	167544
1461:670702:R	22	112	114	1	670702
1462:517189:R	12	0	0	0
1463:798016:R	32	137	122	1	798016
1464:214791:M	28	120	120	0
1465:1308333:R	15	0	0	0
1466:1091985:R	31	125	125	1	1091985
1467:554456:R	29	157	157	1	554456
1468:621584:R	29	123	123	1	621584
1469:833938:R	27	140	140	1	833938
1470:14136:R	23	128	128	1	14136
1471:1200487:R	14	0	0	0
1472:40603:R	20	0	0	0
1473:439730:R	12	0	0	0
1474:677665:R	25	130	141	1	677665
1475:1057807:R	24	130	129	1	1057807
1476:957022:R	26	142	144	1	957022
1477:396814:R	22	118	128	1	396814
1478:690947:R	32	135	135	1	690947
1479:1396634:R	18	0	0	0
1480:108341:R	13	0	0	0
1481:490828:R	26	145	145	1	490828
1482:898079:R	22	116	126	1	898079
1483:206856:R	31	132	132	1	206856
1484:1361541:R	22	128	117	1	1361541
1485:631775:R	17	0	0	0
1486:671049:R	15	0	0	0
1487:828842:R	23	135	120	1	828842
1488:297352:R	27	136	149	1	297352
1489:1364862:R	26	139	129	1	1364862
1490:1095526:R	27	133	133	1	1095526
1491:46434:R	11	0	0	0
1492:184038:R	11	0	0	0
1493:33336:R	30	135	127	1	33336
1494:1190581:R	17	0	0	0
1495:931345:R	27	119	114	1	931345
1496:824415:M	32	110	110	0
1497:387852:R	11	0	0	0
1498:191000:R	17	0	0	0
1499:591127:R	18	0	0	0
1500:530754:R	15	0	0	0
1501:1391111:R	20	0	0	0
1502:891436:R	17	0	0	0
1503:858796:R	26	129	129	1	858796
1504:882746:R	18	0	0	0
1505:764866:R	22	130	131	1	764866
1506:1215381:R	30	116	126	1	1215381
1507:359093:R	17	0	0	0
1508:375808:R	12	0	0	0
1509:651621:R	16	0	0	0
1510:184122:M	15	0	0	0
1511:618303:R	14	0	0	0
1512:581293:R	17	0	0	0
1513:1050525:R	23	129	120	1	1050525
1514:666107:R	22	131	116	1	666107
1515:466625:M	29	128	128	0
1516:1011924:R	16	0	0	0
1517:1092166:R	32	143	143	1	1092166
1518:138079:R	16	0	0	0
1519:203747:R	15	0	0	0
1520:327326:R	25	135	132	1	327326
1521:1332770:R	20	0	0	0
1522:660194:R	17	0	0	0
1523:1398851:R	29	122	122	1	1398851
1524:873929:R	16	0	0	0
1525:301189:R	26	127	114	1	301189
1526:349107:R	20	0	0	0
1527:1020210:R	28	140	126	1	1020210
1528:1348141:M	29	126	126	0
1529:706855:R	32	125	134	1	706855
1530:381857:R	21	111	112	1	381857
1531:609044:R	28	140	126	1	609044
1532:1301449:R	30	140	140	1	1301449
1533:617507:R	18	0	0	0
1534:1029865:R	23	129	129	1	1029865
1535:400764:R	25	124	124	1	400764
1536:590303:R	21	131	120	1	590303
1537:810047:R	11	0	0	0
1538:82916:R	11	0	0	0
1539:530088:R	17	0	0	0
1540:811766:R	30	139	126	1	811766
1541:120740:R	32	128	119	1	120740
1542:1152247:R	27	144	144	1	1152247
1543:1214295:R	31	114	123	1	1214295
1544:738415:R	22	123	134	1	738415
1545:1267574:R	32	137	127	1	1267574
1546:48934:R	17	0	0	0
1547:1368386:R	26	120	121	1	1368386
1548:808450:R	16	0	0	0
1549:801455:R	18	0	0	0
1550:276987:R	32	127	139	1	276987
1551:1199120:R	27	140	140	1	1199120
1552:202716:R	17	0	0	0
1553:1050654:R	32	140	140	1	1050654
1554:1269050:R	17	0	0	0
1555:986962:R	12	0	0	0
1556:78330:R	12	0	0	0
1557:795333:R	28	116	117	1	795333
1558:877069:R	14	0	0	0
1559:91597:R	16	0	0	0
1560:387350:R	16	0	0	0
1561:933525:R	18	0	0	0
1562:1324473:R	16	0	0	0
1563:20444:R	20	0	0	0
1564:1020069:R	24	123	134	1	1020069
1565:796651:R	13	0	0	0
1566:1136590:M	24	119	119	0
1567:155603:R	28	121	127	1	155603
1568:654921:R	17	0	0	0
1569:1339331:M	11	0	0	0
1570:738794:R	18	0	0	0
1571:249122:M	24	124	124	0
1572:573759:R	32	122	115	1	573759
1573:1289408:R	25	145	132	1	1289408
1574:44386:R	23	122	133	1	44386
1575:544803:R	13	0	0	0
1576:350424:R	24	142	133	1	350424
1577:324082:R	16	0	0	0
1578:503434:R	16	0	0	0
1579:477633:R	31	134	145	1	477633
1580:673173:R	15	0	0	0
1581:606827:R	32	148	139	1	606827
1582:1246013:R	21	97	99	1	1246013
1583:209938:R	16	0	0	0
1584:190155:R	24	143	143	1	190155
1585:1188108:R	26	128	128	1	1188108
1586:78731:R	30	129	139	1	78731
1587:341171:R	12	0	0	0
1588:604891:M	29	139	139	0
1589:1002846:R	27	135	133	1	1002846
1590:8829:R	13	0	0	0
1591:439052:M	19	0	0	0
1592:80998:R	20	0	0	0
1593:300501:R	13	0	0	0
1594:810368:R	32	123	133	1	810368
1595:1398616:R	26	114	125	1	1398616
1596:131643:M	15	0	0	0
1597:307459:R	15	0	0	0
1598:692684:R	18	0	0	0
1599:1395159:M	21	126	126	0
1600:1030551:R	25	135	124	1	1030551
1601:969817:R	32	126	126	1	969817
1602:1102117:R	26	129	129	1	1102117
1603:157009:R	27	131	131	1	157009
1604:723807:R	23	117	117	1	723807
1605:112454:R	31	138	139	1	112454
1606:1171101:R	13	0	0	0
1607:604365:R	31	133	133	1	604365
1608:1024315:R	22	121	121	1	1024315
1609:112233:R	14	0	0	0
1610:374293:R	16	0	0	0
1611:1363138:R	14	0	0	0
1612:315555:R	22	123	133	1	315555
1613:694169:R	22	122	133	1	694169
1614:1136319:R	24	127	127	1	1136319
1615:87944:M	27	132	132	0
1616:83980:R	27	132	130	1	83980
1617:753184:R	26	136	134	1	753184
1618:296896:R	11	0	0	0
1619:303564:R	16	0	0	0
1620:965839:R	21	138	137	1	965839
1621:503969:R	23	125	136	1	503969
1622:1122220:R	23	160	160	1	1122220
1623:1069049:R	16	0	0	0
1624:613446:R	22	86	86	1	613446
1625:650406:R	27	130	131	1	650406
1626:675791:R	23	130	130	1	675791
1627:1186209:R	16	0	0	0
1628:245627:R	19	0	0	0
1629:495003:R	32	124	124	1	495003
1630:654601:R	13	0	0	0
1631:281936:M	18	0	0	0
1632:1167640:R	16	0	0	0
1633:1000971:R	17	0	0	0
1634:443056:R	29	156	156	1	443056
1635:922889:M	23	118	118	0
1636:53727:R	16	0	0	0
1637:1098560:R	25	121	123	1	1098560
1638:1188030:R	31	121	120	1	1188030
1639:246927:R	16	0	0	0
1640:1201538:R	14	0	0	0
1641:146116:R	31	131	131	1	146116
1642:1091667:R	32	139	139	1	1091667
1643:457511:R	29	135	125	1	457511
1644:17154:M	29	134	134	0
1645:972510:R	15	0	0	0
1646:624873:M	11	0	0	0
1647:678389:R	31	132	124	1	678389
1648:1394942:R	28	131	131	1	1394942
1649:103558:R	26	128	139	1	103558
1650:354782:R	32	148	148	1	354782
1651:859658:R	27	154	147	1	859658
1652:396406:R	15	0	0	0
1653:670301:R	11	0	0	0
1654:143829:R	32	144	144	1	143829
1655:1213411:M	11	0	0	0
1656:606566:R	12	0	0	0
1657:97801:R	11	0	0	0
1658:828169:R	17	0	0	0
1659:759915:M	16	0	0	0
1660:79181:R	32	128	128	1	79181
1661:1156388:R	29	126	126	1	1156388
1662:319486:R	22	98	99	1	319486
1663:1380238:R	31	142	142	1	1380238
1664:990716:R	28	144	148	1	990716
1665:242166:R	16	0	0	0
1666:734198:R	22	116	127	1	734198
1667:991048:R	26	109	117	1	991048
1668:1123838:R	27	135	145	1	1123838
1669:615450:R	32	113	116	1	615450
1670:1196822:R	30	124	136	1	1196822
1671:363500:M	29	126	126	0
1672:909434:R	30	133	143	1	909434
1673:893270:R	17	0	0	0
1674:1024934:R	23	132	132	1	1024934
1675:1345110:R	13	0	0	0
1676:701031:R	15	0	0	0
1677:728294:R	17	0	0	0
1678:1336527:R	17	0	0	0
1679:28113:R	16	0	0	0
1680:795636:R	18	0	0	0
1681:176786:R	27	141	141	1	176786
1682:1096727:R	16	0	0	0
1683:474109:R	18	0	0	0
1684:527799:R	17	0	0	0
1685:801062:R	18	0	0	0
1686:795768:R	22	130	142	1	795768
1687:611653:R	20	0	0	0
1688:1073463:R	27	122	133	1	1073463
1689:803843:R	21	138	138	1	803843
1690:510506:R	23	129	141	1	510506
1691:384236:R	16	0	0	0
1692:817873:R	20	0	0	0
1693:524022:R	18	0	0	0
1694:143854:R	19	0	0	0
1695:118700:M	17	0	0	0
1696:308517:M	13	0	0	0
1697:995697:M	20	0	0	0
1698:1310357:R	19	0	0	0
1699:1091285:R	16	0	0	0
1700:1395288:R	24	129	141	1	1395288
1701:79530:R	31	146	141	1	79530
1702:1286793:M	32	117	117	0
1703:238091:R	25	154	141	1	238091
1704:613683:R	15	0	0	0
1705:474639:R	31	141	141	1	474639
1706:873709:R	13	0	0	0
1707:1043083:R	23	137	137	1	1043083
1708:1389725:M	30	118	118	0
1709:1228394:R	28	132	132	1	1228394
1710:586907:M	25	118	118	0
1711:534868:R	21	135	135	1	534868
1712:1086023:M	15	0	0	0
1713:497319:R	27	125	136	1	497319
1714:787445:R	18	0	0	0
1715:380749:R	14	0	0	0
1716:828851:R	21	121	132	1	828851
1717:1370554:R	21	142	142	1	1370554
1718:1204139:R	24	131	141	1	1204139
1719:999554:R	25	122	122	1	999554
1720:250269:R	30	130	142	1	250269
1721:1206668:R	28	136	147	1	1206668
1722:364949:R	11	0	0	0
1723:1060666:R	15	0	0	0
1724:315986:R	30	126	126	1	315986
1725:363548:R	23	132	129	1	363548
1726:1131370:M	17	0	0	0
1727:629563:R	15	0	0	0
1728:210594:R	13	0	0	0
1729:155559:R	13	0	0	0
1730:1369467:M	17	0	0	0
1731:238044:R	22	118	130	1	238044
1732:649012:R	27	135	123	1	649012
1733:131272:R	12	0	0	0
1734:793771:R	24	131	122	1	793771
1735:890709:R	28	142	142	1	890709
1736:834530:R	29	159	149	1	834530
1737:932207:R	14	0	0	0
1738:1010125:R	28	145	144	1	1010125
1739:41456:R	19	0	0	0
1740:679842:R	23	127	136	1	679842
1741:271495:R	31	148	137	1	271495
1742:296691:R	22	138	128	1	296691
1743:706883:R	20	0	0	0
1744:959296:R	11	0	0	0
1745:603529:M	27	141	141	0
1746:851966:R	25	142	133	1	851966
1747:1035730:R	25	157	157	1	1035730
1748:863524:R	14	0	0	0
1749:343245:R	21	116	116	1	343245
1750:532246:R	16	0	0	0
1751:1329642:R	15	0	0	0
1752:655424:R	14	0	0	0
1753:655857:R	20	0	0	0
1754:671808:R	24	126	119	1	671808
1755:876934:R	27	119	109	1	876934
1756:288359:R	18	0	0	0
1757:810335:M	27	120	120	0
1758:172603:R	25	135	132	1	172603
1759:525209:R	27	134	134	1	525209
1760:229820:M	21	108	108	0
1761:267865:M	14	0	0	0
1762:567342:R	26	131	120	1	567342
1763:206149:R	14	0	0	0
1764:630001:R	28	142	135	1	630001
1765:673950:R	23	119	119	1	673950
1766:556581:R	23	142	153	1	556581
1767:1063513:R	13	0	0	0
1768:184508:R	25	121	121	1	184508
1769:391487:R	29	143	143	1	391487
1770:1259079:R	28	140	137	1	1259079
1771:584170:R	20	0	0	0
1772:1175042:R	29	132	123	1	1175042
1773:187646:R	19	0	0	0
1774:1266228:R	23	130	123	1	1266228
1775:1001458:R	15	0	0	0
1776:321922:R	20	0	0	0
1777:137775:R	31	135	125	1	137775
1778:597353:R	31	131	131	1	597353
1779:824007:R	29	124	118	1	824007
1780:1342335:R	13	0	0	0
1781:268122:R	28	121	133	1	268122
1782:1126798:M	32	131	131	0
1783:168469:R	31	154	154	1	168469
1784:379310:R	27	122	131	1	379310
1785:618568:R	28	130	130	1	618568
1786:702172:R	26	120	120	1	702172
1787:360510:R	24	135	135	1	360510
1788:1242762:M	19	0	0	0
1789:339281:R	20	0	0	0
1790:1086517:R	23	128	139	1	1086517
1791:593426:R	16	0	0	0
1792:619740:R	20	0	0	0
1793:1386384:R	11	0	0	0
1794:1073350:R	11	0	0	0
1795:131086:R	26	138	127	1	131086
1796:860368:R	29	126	137	1	860368
1797:450113:R	13	0	0	0
1798:274909:R	21	148	140	1	274909
1799:487462:R	14	0	0	0
1800:488489:R	12	0	0	0
1801:880488:R	31	126	136	1	880488
1802:98570:R	23	123	136	1	98570
1803:510492:M	20	0	0	0
1804:927980:M	13	0	0	0
1805:1048292:M	28	119	119	0
1806:999914:R	28	115	115	1	999914
1807:846661:M	28	128	139	0
1808:833367:R	25	116	127	1	833367
1809:1159641:R	32	143	132	1	1159641
1810:898606:R	29	138	138	1	898606
1811:349404:R	27	127	127	1	349404
1812:961133:R	22	107	116	1	961133
1813:1322404:R	11	0	0	0
1814:969193:R	31	130	130	1	969193
1815:866414:R	19	0	0	0
1816:527563:R	17	0	0	0
1817:1278196:R	24	128	121	1	1278196
1818:891651:R	15	0	0	0
1819:715566:R	27	114	114	1	715566
1820:1300146:R	16	0	0	0
1821:1071191:R	24	123	132	1	1071191
1822:893070:R	15	0	0	0
1823:822152:R	23	122	122	1	822152
1824:1018586:R	13	0	0	0
1825:637273:R	17	0	0	0
1826:84776:M	30	114	114	0
1827:194389:R	12	0	0	0
1828:675682:R	13	0	0	0
1829:268246:R	24	130	130	1	268246
1830:1138861:R	17	0	0	0
1831:592877:R	13	0	0	0
1832:1330794:M	16	0	0	0
1833:721294:R	26	145	145	1	721294
1834:652861:R	28	127	127	1	652861
1835:538114:R	16	0	0	0
1836:1054967:R	24	116	127	1	1054967
1837:90915:R	26	132	121	1	90915
1838:1121274:R	27	116	117	1	1121274
1839:1076649:M	13	0	0	0
1840:370283:R	28	140	140	1	370283
1841:91511:R	26	146	146	1	91511
1842:589204:R	24	132	133	1	589204
1843:1336661:R	20	0	0	0
1844:1216719:M	28	113	113	0
1845:55885:R	18	0	0	0
1846:469051:R	22	126	120	1	469051
1847:1134847:R	23	132	125	1	1134847
1848:480653:R	32	129	138	1	480653
1849:4301:R	15	0	0	0
1850:798469:R	30	136	148	1	798469
1851:1010574:R	14	0	0	0
1852:1008075:R	31	126	137	1	1008075
1853:1242689:R	19	0	0	0
1854:546958:R	24	121	121	1	546958
1855:977071:R	18	0	0	0
1856:13974:R	27	149	149	1	13974
1857:48900:R	18	0	0	0
1858:1031423:R	27	156	156	1	1031423
1859:212062:R	23	127	117	1	212062
1860:387737:R	11	0	0	0
1861:539713:R	14	0	0	0
1862:682087:R	12	0	0	0
1863:215773:R	12	0	0	0
1864:1378270:R	17	0	0	0
1865:505340:R	16	0	0	0
1866:658580:R	18	0	0	0
1867:679573:R	14	0	0	0
1868:98447:R	31	134	134	1	98447
1869:460023:R	24	139	139	1	460023
1870:279911:R	22	120	120	1	279911
1871:593396:R	28	123	117	1	593396
1872:834678:R	16	0	0	0
1873:1385969:R	26	146	136	1	1385969
1874:90208:R	23	130	130	1	90208
1875:541334:R	28	133	143	1	541334
1876:383670:R	26	144	134	1	383670
1877:1326551:R	28	124	115	1	1326551
1878:1150014:M	16	0	0	0
1879:925824:R	30	121	120	1	925824
1880:1180850:R	21	109	118	1	1180850
1881:67317:R	20	0	0	0
1882:1003807:R	21	134	127	1	1003807
1883:798042:R	24	129	120	1	798042
1884:191716:R	21	145	131	1	191716
1885:20111:M	20	0	0	0
1886:851243:M	27	103	103	0
1887:1322756:R	12	0	0	0
1888:1216807:R	20	0	0	0
1889:1030514:R	32	127	137	1	1030514
1890:431783:R	31	140	140	1	431783
1891:33202:R	18	0	0	0
1892:1068152:M	11	0	0	0
1893:190280:R	32	129	129	1	190280
1894:841402:R	18	0	0	0
1895:195793:M	11	0	0	0
1896:292481:R	25	127	129	1	292481
1897:924875:R	30	138	138	1	924875
1898:501594:M	26	122	122	0
1899:143690:R	18	0	0	0
1900:1297491:R	19	0	0	0
1901:1283005:R	24	150	150	1	1283005
1902:486161:R	21	121	107	1	486161
1903:1196731:R	22	124	117	1	1196731
1904:1187416:R	20	0	0	0
1905:1062870:R	19	0	0	0
1906:125089:R	27	138	140	1	125089
1907:993582:R	20	0	0	0
1908:87381:R	16	0	0	0
1909:1100721:M	24	109	109	0
1910:882270:R	29	134	134	1	882270
1911:998383:R	27	124	125	1	998383
1912:1071:R	32	120	120	1	1071
1913:59010:R	30	133	123	1	59010
1914:56031:R	21	126	126	1	56031
1915:981545:R	12	0	0	0
1916:749931:R	27	134	147	1	749931
1917:1302974:R	25	131	142	1	1302974
1918:1102965:R	12	0	0	0
1919:405300:R	14	0	0	0
1920:1243815:R	19	0	0	0
1921:895468:R	20	0	0	0
1922:480034:R	21	138	138	1	480034
1923:269140:R	12	0	0	0
1924:757235:R	19	0	0	0
1925:358996:R	22	134	136	1	358996
1926:479422:R	19	0	0	0
1927:59926:R	18	0	0	0
1928:246801:R	28	146	137	1	246801
1929:1063330:M	30	132	132	0
1930:164446:R	12	0	0	0
1931:199959:R	19	0	0	0
1932:1187788:R	21	136	136	1	1187788
1933:488111:R	32	133	133	1	488111
1934:105590:R	31	118	118	1	105590
1935:1222998:M	28	127	127	0
1936:1214273:R	21	116	110	1	1214273
1937:1000782:M	32	151	151	0
1938:1248541:M	28	107	107	0
1939:1106691:R	14	0	0	0
1940:1071752:R	11	0	0	0
1941:415062:R	27	153	134	1	415062
1942:820324:R	27	131	131	1	820324
1943:127049:R	27	130	130	1	127049
1944:461516:R	15	0	0	0
1945:389898:R	19	0	0	0
1946:502172:R	29	128	118	1	502172
1947:681529:R	21	129	129	1	681529
1948:605283:R	29	149	140	1	605283
1949:1345095:M	13	0	0	0
1950:121895:R	27	124	123	1	121895
1951:200607:R	28	100	101	1	200607
1952:685535:R	19	0	0	0
1953:919601:R	21	109	121	1	919601
1954:791690:R	26	142	129	1	791690
1955:313245:R	11	0	0	0
1956:1288322:R	12	0	0	0
1957:876642:R	32	142	152	1	876642
1958:293904:M	15	0	0	0
1959:640063:R	26	150	138	1	640063
1960:507674:R	25	145	145	1	507674
1961:549166:R	18	0	0	0
1962:1258843:R	14	0	0	0
1963:974202:R	24	122	131	1	974202
1964:937827:R	21	117	119	1	937827
1965:483941:M	11	0	0	0
1966:175924:R	28	129	139	1	175924
1967:1322050:R	13	0	0	0
1968:500018:R	26	137	137	1	500018
1969:549112:R	11	0	0	0
1970:1232707:R	32	143	143	1	1232707
1971:1275136:R	15	0	0	0
1972:580466:R	29	138	138	1	580466
1973:224875:R	14	0	0	0
1974:469892:R	30	132	130	1	469892
1975:317104:R	23	129	139	1	317104
1976:763163:R	21	149	145	1	763163
1977:969308:R	17	0	0	0
1978:248827:R	24	130	130	1	248827
1979:1114803:R	20	0	0	0
1980:926779:R	24	124	124	1	926779
1981:1121717:R	14	0	0	0
1982:883762:R	28	136	136	1	883762
1983:438611:R	20	0	0	0
1984:1283037:R	11	0	0	0
1985:725086:M	22	110	110	0
1986:1285635:R	18	0	0	0
1987:870326:M	26	125	125	0
1988:526342:R	24	129	122	1	526342
1989:1285035:R	29	133	123	1	1285035
1990:107512:R	25	132	132	1	107512
1991:1302836:M	14	0	0	0
1992:1100651:R	19	0	0	0
1993:1220017:R	12	0	0	0
1994:882287:R	16	0	0	0
1995:164406:R	29	149	132	1	164406
1996:245869:R	20	0	0	0
1997:74491:R	13	0	0	0
1998:1385543:R	31	128	119	1	1385543
1999:796692:R	25	123	130	1	796692
